1.085437
0.947793
0.610790
0.417844
0.356596
0.265935
0.189408
0.158482
0.153561
0.092669
0.098345
0.137396
0.098933
0.159192
0.082936
0.125967
0.083092
0.062239
0.079465
0.056205
0.105617
0.086012
0.085516
0.054171
0.069320
0.060284
0.054257
0.055839
0.035665
0.036230
0.031296
0.048679
0.041817
0.058594
0.053234
0.062796
0.031865
0.032988
0.031867
0.028180
0.060885
0.049271
0.071747
0.040859
0.035819
0.082473
0.030726
0.054594
0.074848
0.044096
0.041992
0.034117
0.028851
0.076001
0.028551
0.028002
0.030946
0.024923
0.022871
0.036657
0.023954
0.066350
0.028643
0.034095
0.024252
0.068486
0.030285
0.022952
0.051464
0.080606
0.020713
0.074621
0.043358
0.026752
0.022854
0.018968
0.056207
0.025824
0.028287
0.025247
0.023954
0.046578
0.020692
0.064542
0.069116
0.037887
0.042305
0.030205
0.048214
0.020359
0.021993
0.035215
0.044257
0.020827
0.043069
0.058647
0.027734
0.050900
0.032069
0.022500
0.020013
0.062966
0.021152
0.024537
0.018119
0.020408
0.028203
0.017148
0.018929
0.024521
0.052505
0.019529
0.059739
0.020404
0.020525
0.039940
0.019312
0.017222
0.015569
0.016712
0.054593
0.015922
0.037106
0.025108
0.021850
0.040966
0.051476
0.014679
0.041250
0.021457
0.031358
0.022138
0.043811
0.035100
0.022828
0.022764
0.023799
0.017277
0.018783
0.019599
0.016655
0.015673
0.042613
0.034596
0.062138
0.017836
0.021716
0.040108
0.039506
0.058308
0.029983
0.024660
0.023445
0.017238
0.028766
0.014834
0.103856
0.015254
0.017569
0.023584
0.035480
0.026383
0.019773
0.020082
0.032466
0.017108
0.014976
0.054591
0.026262
0.020238
0.014173
0.014174
0.034163
0.015843
0.019411
0.030926
0.017013
0.025509
0.029042
0.028064
0.023708
0.031340
0.032480
0.020633
0.016886
0.048782
0.022864
0.025468
0.020223
0.054824
0.021254
0.014728
0.018326
0.039791
0.028219
0.016860
0.026889
0.056130
0.018822
0.084942
0.036135
0.015147
0.018345
0.031790
0.021497
0.016019
0.014224
0.024705
0.029136
0.048172
0.039572
0.027227
0.029472
0.023144
0.046656
0.017609
0.021949
0.014463
0.024556
0.018619
0.016272
0.019745
0.013018
0.039161
0.019874
0.018538
0.019374
0.018889
0.021931
0.019883
0.018839
0.020822
0.027018
0.012925
0.012254
0.049708
0.016160
0.014184
0.016542
0.015273
0.016593
0.030406
0.048965
0.015316
0.013741
0.027191
0.054718
0.013851
0.030948
0.016410
0.025628
0.016335
0.026373
0.051196
0.037435
0.032541
0.028643
0.041196
0.022350
0.020122
0.021830
0.025784
0.057697
0.013580
0.031018
0.024546
0.020715
0.016198
0.031184
0.019514
0.020940
0.012393
0.012890
0.025344
0.046462
0.016971
0.019456
0.018471
0.012907
0.056226
0.012002
0.011478
0.013438
0.049602
0.014504
0.039964
0.019255
0.031959
0.025528
0.020223
0.025841
0.033953
0.020978
0.016319
0.019283
0.016436
0.013704
0.023579
0.016406
0.030324
0.025873
0.058255
0.025740
0.018180
0.021082
0.023547
0.015162
0.027416
0.014411
0.027342
0.014064
0.014115
0.011173
0.017233
0.018213
0.015482
0.011443
0.013306
0.012731
0.010177
0.013766
0.028712
0.014841
0.016298
0.028878
0.026568
0.017685
0.017482
0.013516
0.012967
0.043648
0.012945
0.014788
0.027140
0.020105
0.015278
0.013638
0.012277
0.013020
0.014338
0.012676
0.014586
0.012896
0.015702
0.012651
0.019906
0.031102
0.017198
0.013231
0.039773
0.016225
0.026193
0.012112
0.016181
0.014444
0.033834
0.023573
0.013874
0.012655
0.021151
0.012964
0.012326
0.010841
0.018958
0.045032
0.014305
0.010448
0.014314
0.014899
0.032415
0.010427
0.024205
0.012053
0.012277
0.014432
0.012654
0.039338
0.011837
0.014902
0.010422
0.014882
0.011871
0.021333
0.015804
0.020603
0.010859
0.012582
0.028347
0.016679
0.011487
0.011147
0.011681
0.011840
0.024760
0.010019
0.014617
0.014654
0.010350
0.011967
0.013121
0.015111
0.010445
0.011512
0.011545
0.012626
0.015956
0.011054
0.010872
0.011055
0.010827
0.015890
0.034937
0.011056
0.013984
0.015318
0.011715
0.012678
0.010795
0.028225
0.012089
0.013144
0.012928
0.013707
0.025675
0.010814
0.010049
0.040950
0.010395
0.017086
0.017104
0.030485
0.012672
0.013380
0.013573
0.038595
0.010287
0.023972
0.011783
0.013009
0.010506
0.014144
0.010478
0.009833
0.013988
0.010149
0.009579
0.015832
0.008821
0.014330
0.011972
0.011997
0.017249
0.013963
0.019578
0.011208
0.012027
0.031574
0.009101
0.012646
0.015764
0.023144
0.011966
0.011555
0.029997
0.019550
0.014784
0.012247
0.010912
0.012697
0.010415
0.010553
0.021201
0.011280
0.012034
0.011498
0.011888
0.030185
0.009810
0.012221
0.016918
0.012533
0.013999
0.009920
0.013140
0.011608
0.013218
0.011052
0.010997
0.012052
0.010827
0.014438
0.010416
0.012333
0.013789
0.010680
0.009231
0.014870
0.010743
0.010147
0.009763
0.011051
0.013563
0.012659
0.009180
0.008973
0.010020
0.009497
0.015010
0.014991
0.010087
0.009988
0.009484
0.017878
0.010878
0.012421
0.015261
0.013659
0.014419
0.009895
0.012265
0.018715
0.009523
0.030126
0.015251
0.011070
0.018339
0.013002
0.013887
0.013279
0.010877
0.012059
0.012276
0.009406
0.011808
0.013751
0.009686
0.015185
0.009517
0.015745
0.022689
0.009022
0.009512
0.014097
0.014132
0.018089
0.018754
0.016381
0.010086
0.011212
0.012451
0.014407
0.019693
0.011204
0.009101
0.009078
0.010507
0.012738
0.008946
0.037921
0.013484
0.012232
0.009630
0.009373
0.009186
0.008958
0.013874
0.015151
0.015452
0.017716
0.009501
0.012417
0.023521
0.011844
0.009369
0.009708
0.011856
0.010858
0.010629
0.009813
0.014729
0.011888
0.009318
0.020360
0.020494
0.009298
0.015094
0.012859
0.015342
0.011465
0.011058
0.008862
0.011594
0.029490
0.009946
0.010407
0.017925
0.029998
0.011851
0.011677
0.014054
0.009834
0.009551
0.012564
0.011547
0.021410
0.010415
0.012499
0.009795
0.012086
0.009296
0.010435
0.009974
0.011730
0.016429
0.011320
0.032192
0.013147
0.015277
0.020358
0.017657
0.021343
0.011000
0.010000
0.030330
0.011624
0.036673
0.011996
0.010019
0.012701
0.016927
0.009367
0.013571
0.009026
0.011030
0.030057
0.011912
0.015933
0.009339
0.009578
0.012674
