1.429612
1.135980
0.853950
0.627883
0.473167
0.361256
0.263835
0.235050
0.189131
0.151185
0.162779
0.138773
0.141498
0.102553
0.111032
0.112573
0.141492
0.102686
0.123658
0.093760
0.090224
0.077312
0.061619
0.114465
0.069705
0.047540
0.054834
0.076575
0.106402
0.108069
0.055852
0.082244
0.040931
0.058349
0.064783
0.051335
0.037496
0.046251
0.069953
0.039844
0.062822
0.038454
0.059790
0.036058
0.061258
0.053926
0.061741
0.048064
0.039922
0.052483
0.036516
0.030701
0.040984
0.048172
0.029638
0.032986
0.086964
0.048221
0.027005
0.063636
0.028997
0.063642
0.063601
0.040516
0.056896
0.030946
0.065418
0.067223
0.032725
0.026375
0.035766
0.047814
0.050899
0.026009
0.042652
0.028431
0.056721
0.040148
0.030609
0.033150
0.028986
0.057740
0.039235
0.030949
0.023855
0.028354
0.027537
0.029161
0.022961
0.034612
0.029847
0.035010
0.034656
0.022239
0.030304
0.040980
0.021558
0.027650
0.027111
0.024777
0.026155
0.042528
0.022826
0.021552
0.045832
0.049767
0.046601
0.033298
0.034473
0.024971
0.029913
0.044561
0.022384
0.026327
0.040792
0.033001
0.028305
0.033172
0.029080
0.026407
0.019038
0.037722
0.033262
0.026978
0.025562
0.020906
0.020962
0.020724
0.037156
0.042630
0.043476
0.046882
0.018515
0.040107
0.041134
0.033747
0.022324
0.021508
0.033494
0.026539
0.024318
0.030748
0.045711
0.034333
0.019864
0.018889
0.032785
0.027508
0.034717
0.022665
0.022135
0.024183
0.024900
0.018269
0.040930
0.025413
0.025496
0.023214
0.023501
0.024893
0.027374
0.025543
0.040127
0.034282
0.015912
0.029182
0.021236
0.028835
0.028637
0.024773
0.017351
0.021067
0.030637
0.016466
0.015531
0.032785
0.016171
0.030929
0.028252
0.022399
0.020409
0.032485
0.028695
0.021199
0.023077
0.020609
0.028830
0.018764
0.022910
0.014778
0.029817
0.022908
0.039287
0.022866
0.016208
0.042028
0.022254
0.024365
0.024420
0.026502
0.032157
0.020550
0.017859
0.030938
0.017710
0.021928
0.049505
0.027217
0.025477
0.029776
0.030294
0.031300
0.035539
0.026194
0.024452
0.034321
0.013166
0.036436
0.015911
0.018380
0.019956
0.019128
0.021049
0.024345
0.019831
0.027726
0.023212
0.016231
0.027225
0.014611
0.019824
0.014571
0.014822
0.018033
0.015820
0.018222
0.017759
0.014926
0.023436
0.017110
0.015251
0.030407
0.013806
0.030380
0.016471
0.027331
0.023651
0.024610
0.026064
0.027743
0.016323
0.015094
0.031370
0.021929
0.030015
0.028954
0.020230
0.016295
0.032054
0.015227
0.014812
0.019619
0.038288
0.028795
0.017976
0.033707
0.014158
0.030485
0.017153
0.020878
0.016502
0.018226
0.016239
0.035043
0.016655
0.017943
0.014025
0.013505
0.018582
0.023429
0.012601
0.014461
0.017182
0.019421
0.027690
0.034025
0.016140
0.032591
0.018091
0.021005
0.018569
0.020061
0.025786
0.015941
0.017255
0.023172
0.013987
0.021159
0.020711
0.019583
0.020648
0.015046
0.018142
0.020957
0.017796
0.017332
0.023700
0.015488
0.015876
0.015822
0.018662
0.014505
0.013626
0.014122
0.014470
0.021054
0.022030
0.013358
0.013301
0.014747
0.025664
0.014812
0.021079
0.015031
0.023011
0.012002
0.015370
0.011709
0.014498
0.026819
0.021816
0.022447
0.014511
0.016475
0.020454
0.020457
0.011841
0.016374
0.014692
0.013237
0.014544
0.014215
0.024924
0.014750
0.018884
0.014270
0.024714
0.016314
0.015824
0.015996
0.012058
0.023968
0.013901
0.021947
0.015027
0.025176
0.011901
0.022732
0.012207
0.020782
0.022199
0.018373
0.012640
0.010621
0.012314
0.014226
0.010297
0.018198
0.014670
0.023503
0.017234
0.014625
0.016930
0.011907
0.012465
0.015306
0.021585
0.011513
0.016907
0.014552
0.013080
0.015213
0.025533
0.016908
0.016699
0.011756
0.019742
0.012034
0.013771
0.019067
0.020815
0.013364
0.010078
0.009890
0.012173
0.014449
0.014287
0.013008
0.013152
0.010916
0.012189
0.014392
0.028351
0.018032
0.016497
0.013172
0.020364
0.015292
0.018167
0.025595
0.014594
0.014580
0.026637
0.011897
0.012115
0.015425
0.011173
0.020203
0.012470
0.015274
0.012711
0.016388
0.011451
0.015286
0.012177
0.013519
0.019002
0.013562
0.010318
0.013288
0.012790
0.016000
0.013094
0.012055
0.012165
0.017775
0.011967
0.016016
0.018457
0.015726
0.015057
0.020816
0.010896
0.016505
0.013554
0.030183
0.020191
0.010453
0.013604
0.014597
0.014931
0.011561
0.010565
0.012449
0.011517
0.018798
0.014611
0.011383
0.015160
0.019806
0.013826
0.016966
0.011673
0.011743
0.010415
0.010996
0.010379
0.012467
0.013635
0.011218
0.016467
0.014939
0.014652
0.011566
0.012994
0.012344
0.010669
0.022035
0.012127
0.016402
0.021172
0.011349
0.021773
0.012277
0.017452
0.018213
0.014446
0.017049
0.014315
0.010014
0.022208
0.014887
0.020985
0.012693
0.015372
0.011261
0.019395
0.013975
0.010417
0.015823
0.011302
0.011931
0.010539
0.010767
0.015266
0.011140
0.013588
0.009076
0.009405
0.009812
0.014510
0.010836
0.012756
0.009931
0.009758
0.011990
0.015028
0.029798
0.013177
0.018311
0.014004
0.009368
0.011768
0.013341
0.016045
0.011162
0.013243
0.016263
0.014808
0.020824
0.018516
0.009039
0.015902
0.029894
0.017243
0.011616
0.010488
0.018215
0.009555
0.012485
0.009050
0.020079
0.016664
0.009121
0.010888
0.012618
0.009708
0.015511
0.013009
0.010109
0.010456
0.016352
0.009840
0.011476
0.009547
0.016315
0.008551
0.011578
0.017906
0.009263
0.021387
0.009192
0.017011
0.013715
0.012430
0.012395
0.008129
0.009700
0.010058
0.010919
0.009302
0.009531
0.009920
0.011120
0.013151
0.011485
0.016509
0.010870
0.010590
0.009535
0.010176
0.010284
0.008352
0.009791
0.011682
0.011924
0.016647
0.010474
0.009006
0.011536
0.013136
0.022606
0.008705
0.008114
0.010075
0.017712
0.009688
0.016292
0.008291
0.010846
0.009790
0.010410
0.009136
0.014601
0.009205
0.009043
0.010107
0.013582
0.008617
0.016186
0.012281
0.009124
0.009848
0.008228
0.008199
0.008211
0.008020
0.010084
0.009846
0.009615
0.010509
0.010440
0.008544
0.008030
0.009101
0.014640
0.010199
0.018401
0.011004
0.012972
0.009133
0.016222
0.009751
0.011048
0.019128
0.010249
0.009298
0.009648
0.010588
0.009441
0.009912
0.008425
0.011607
0.007788
0.009223
0.008883
0.008356
0.008395
0.013768
0.011048
0.010360
0.010911
0.015225
0.009185
0.015071
0.017529
0.012789
0.011116
0.008365
0.009203
0.009268
0.010483
0.009262
0.008359
0.009920
0.012300
0.009973
0.011076
0.010001
0.014492
0.010557
0.008978
0.012435
0.011458
0.010942
0.009534
0.009152
0.009781
0.010389
0.008209
0.009353
0.010035
0.009514
0.015267
0.007141
0.010436
0.007546
0.010265
0.008353
0.009049
0.006667
0.010811
0.008871
0.014090
0.009312
0.018020
0.015012
0.007844
0.008979
0.010679
0.010371
0.009993
0.019741
0.018753
0.010138
0.009549
0.010321
0.010560
0.013159
0.009108
0.012282
0.013523
0.011368
0.010087
0.010702
0.009545
0.008571
0.008799
0.010578
0.010145
0.008700
0.006508
0.007369
0.015735
0.007226
0.010704
0.010061
0.009706
0.010108
0.009351
0.007816
0.011024
0.012543
0.012102
0.013446
0.014456
0.014578
0.009062
0.014186
0.008582
0.012871
0.015952
0.009105
0.010958
0.011044
0.024824
0.012645
0.011854
0.010000
0.011124
0.011895
0.016308
0.009563
0.019233
0.026641
0.013570
0.010260
0.010427
0.010372
0.023235
0.008736
0.013777
0.011144
0.007972
0.013098
0.008660
0.010999
0.008314
0.007718
0.016043
0.009656
0.009411
0.010618
0.010794
0.008438
0.010541
0.009421
0.009220
0.006777
0.013839
0.010193
0.010336
0.009857
0.015502
0.006498
0.006834
0.007981
0.008792
0.011058
0.008361
0.010358
0.006707
0.021897
0.008890
0.009345
0.012961
0.007412
0.015896
0.014002
0.012986
0.012446
0.018442
0.008194
0.008408
0.010894
0.008160
0.008261
0.010927
0.023690
0.015583
0.014933
0.010202
0.009972
0.015400
0.012739
0.009077
0.011258
0.007117
0.017203
0.007206
0.010557
0.009554
0.013310
0.008814
0.009921
0.010385
0.009683
0.008866
0.010746
0.007434
0.006452
0.008493
0.006831
0.014700
0.010441
0.008236
0.009188
0.011426
0.010803
0.010195
0.011936
0.008107
0.009879
0.010292
0.007986
0.007586
0.007326
0.009831
0.007968
0.012128
0.011895
0.011473
0.007844
0.015290
0.008858
0.010195
0.006659
0.009446
0.007954
0.007074
0.009826
0.006850
0.011179
0.022629
0.009015
0.008003
0.007237
0.008146
0.009503
0.008895
0.006663
0.008513
0.008259
0.010745
0.010356
0.021931
0.007793
0.009703
0.011498
0.007219
0.010383
0.007094
0.009916
0.006656
0.009432
0.011190
0.009365
0.009365
0.008856
0.006990
0.013749
0.008080
0.012064
0.015755
0.007312
0.012256
0.014098
0.006339
0.007860
0.012289
0.008707
0.008678
0.009045
0.007682
0.008571
0.009563
0.011984
0.008202
0.009151
0.007388
0.016220
0.014970
0.008050
0.008641
0.007972
0.007560
0.007108
0.008130
0.010385
0.009802
0.011202
0.009469
0.013754
0.007488
0.007599
0.008331
0.009655
0.008613
0.008880
0.010244
0.009333
0.012789
0.009417
0.008142
0.009842
0.010171
0.008999
0.009247
0.008829
0.014703
0.009527
0.008948
0.008800
0.010542
0.007274
0.008404
0.006466
0.006541
0.008421
0.007277
0.011605
0.009956
0.007775
0.012518
0.011256
0.006569
0.011623
0.010334
0.007843
0.007423
0.009702
0.007670
0.011358
0.011113
0.007648
0.009544
0.014324
0.008920
0.008760
0.009442
0.007543
0.011974
0.010920
0.007008
0.007494
0.011494
0.008775
0.007786
0.007588
0.009520
0.006971
0.007829
0.006866
0.006765
0.006971
0.006225
0.006887
0.008260
0.010122
0.009660
0.007303
0.008651
0.007118
0.010083
0.007704
0.007819
0.011677
0.008152
0.010600
0.006454
0.008640
0.007488
0.007617
0.006195
0.007355
0.007623
0.007840
0.007068
0.007811
0.006811
0.005791
0.006770
0.009038
0.007194
0.007181
0.014104
0.007798
0.005860
0.010334
0.010841
0.006824
0.007469
0.007386
0.007680
0.009684
0.006814
0.009316
0.009473
0.006920
0.009669
0.008650
0.014156
0.009398
0.007093
0.009917
0.009651
0.008435
0.008450
0.014995
0.007755
0.014786
0.015043
0.008310
0.008080
0.007737
0.008837
0.007791
0.006315
0.007744
0.006382
0.007120
0.006820
0.006880
0.005822
0.005753
0.006000
0.014593
0.006560
0.009957
0.006238
0.007758
0.013141
0.007771
0.007439
0.009671
0.007607
0.007576
0.006537
0.007992
0.008191
0.007009
0.010570
0.010606
0.006613
0.010117
0.007765
0.008508
0.005651
0.008488
0.006568
0.009078
0.010829
0.007754
0.006494
0.011606
0.005625
0.010028
0.007214
0.007716
0.006546
0.008077
0.007217
0.007447
0.006564
0.010028
0.009823
0.008359
0.007506
0.007161
0.008614
0.005401
0.007839
0.006530
0.009845
0.005978
0.005537
0.010079
0.006550
0.006220
0.009661
0.009486
0.005658
0.009035
0.014579
0.009179
0.012857
0.011399
0.007634
0.007107
0.009911
0.008967
0.009778
0.009476
0.006060
0.006388
0.013637
0.007475
0.008351
0.009408
0.006319
0.016346
0.007638
0.012306
0.009903
0.011715
0.007515
0.007886
0.008686
0.006402
0.007044
0.008277
0.008265
0.007692
0.007341
0.006253
0.005647
0.005971
0.012590
0.009709
0.010654
0.006553
0.006846
0.006029
0.008428
0.008381
0.005172
0.010889
0.004454
0.006305
0.005959
0.008281
0.006121
0.006941
0.006953
0.009543
0.005975
0.008099
0.008947
0.005940
0.006140
0.008507
0.006729
0.005663
0.012129
0.006472
0.005532
0.006437
0.010095
0.006849
0.007624
0.007795
0.007420
0.015354
0.010346
0.009025
0.006695
0.005268
0.011377
0.008555
0.008058
0.008530
0.007820
0.006775
0.012881
0.005608
0.005724
0.007209
0.009903
0.004920
0.005437
0.007787
0.008309
0.006612
0.006897
0.010551
0.006448
0.011570
0.006486
0.007207
0.005667
0.007166
0.006054
0.007616
0.008286
0.006844
0.007059
0.008030
0.007832
0.005842
0.009048
0.007463
0.007463
0.008780
0.005512
0.007077
0.005476
0.005763
0.005315
0.006241
0.007566
0.007370
0.005338
0.006941
0.008046
0.006637
0.006286
0.007045
0.015892
0.008040
0.010765
0.011086
0.007827
0.007973
0.007526
0.005591
0.006056
0.007545
0.008402
0.010453
0.006784
0.006677
0.008472
0.012352
0.009118
0.008568
0.009375
0.008593
0.010409
0.011485
0.006188
0.007378
0.010199
0.008345
0.006070
0.006091
0.007301
0.022294
0.007964
0.010407
0.010134
0.008763
0.008433
0.014328
0.010940
0.009299
0.007483
0.006726
0.011253
0.010306
0.018998
0.007010
0.006835
0.007269
0.011201
0.008132
0.008002
0.006891
0.006793
0.005937
0.005124
0.007672
0.010000
0.009079
0.010933
0.008050
0.009581
0.009590
0.009917
0.020621
0.010974
0.007115
0.007206
0.012314
0.008053
0.009120
0.006248
0.012696
0.006715
0.006883
0.006873
0.006245
0.010472
0.006085
0.013873
0.008151
0.005582
0.008199
0.008834
0.011053
0.007618
0.009442
0.007630
0.007739
0.007518
0.007265
0.009278
0.006332
0.006776
0.007627
0.009584
0.004907
0.009158
0.005284
0.007047
0.005735
0.007242
0.011851
0.009054
0.012259
0.010475
0.005206
0.010858
0.007435
0.009051
0.006432
0.009398
0.012066
0.006416
0.009713
0.006821
0.009679
0.011919
0.007474
0.014076
0.014652
0.010669
0.008417
0.015996
0.008305
0.009498
0.008388
0.008548
0.010929
0.008387
0.008235
0.006116
0.012565
0.008433
0.006480
0.005807
0.008966
0.009027
0.008186
0.007160
0.010414
0.007264
0.006715
0.009222
0.006833
0.008612
0.006767
0.009265
0.007060
0.010333
0.006756
0.007922
0.005800
0.006202
0.006708
0.005900
0.006747
0.005499
0.009148
0.005384
0.005508
0.005972
0.006944
0.007307
0.006254
0.006603
0.005611
0.006242
0.009829
0.006204
0.006696
0.011282
0.005823
0.005977
0.007139
0.006257
0.011464
0.004754
0.005811
0.006829
0.007872
0.006896
0.007257
0.005933
0.006901
0.005308
0.007542
0.007960
0.009433
0.013012
0.007707
0.007414
0.007103
0.006806
0.005642
0.008198
0.008174
0.011453
0.007486
0.006278
0.006449
0.005396
0.010617
0.005720
0.007499
0.008018
0.005889
0.008210
0.006691
0.005856
0.006731
0.010001
0.005855
0.007097
0.006220
0.005825
0.005914
0.005174
0.006408
0.006109
0.011254
0.005126
0.007296
0.006225
0.005117
0.007426
0.005769
0.006380
0.004719
0.009905
0.006845
0.006375
0.009569
0.004706
0.005635
0.005461
0.006077
0.005561
0.006144
0.004855
0.008782
0.005539
0.007853
0.005045
0.005825
0.009153
0.007997
0.005150
0.005475
0.006255
0.004981
0.005851
0.007017
0.006284
0.005723
0.006063
0.006437
0.007274
0.009705
0.005641
0.005881
0.007239
0.004435
0.007778
0.006825
0.007411
0.008156
0.007704
0.006116
0.008500
0.005234
0.005461
0.007724
0.005627
0.004754
0.005086
0.005159
0.010219
0.009775
0.005696
0.005621
0.004746
0.005163
0.005988
0.006540
0.005807
0.009771
0.005838
0.007046
0.009556
0.007400
0.006084
0.008648
0.005344
0.008461
0.005752
0.004669
0.009650
0.006044
0.006810
0.008150
0.009764
0.006357
0.005962
0.005396
0.005119
0.007617
0.006311
0.006124
0.007105
0.007418
0.005645
0.007273
0.004976
0.008980
0.006541
0.005545
0.006821
0.005308
0.007766
0.006906
0.007361
0.004955
0.008798
0.004840
0.005289
0.008546
0.005539
0.005496
0.005199
0.005287
0.005074
0.006155
0.004601
0.006301
0.005610
0.005529
0.004528
0.005174
0.005630
0.006041
0.005743
0.006391
0.006260
0.005728
0.004309
0.007431
0.004830
0.007407
0.006353
0.006989
0.006029
0.006265
0.007667
0.005961
0.004302
0.005297
0.004890
0.004604
0.006087
0.006506
0.006466
0.009640
0.006367
0.005924
0.005969
0.007706
0.004985
0.005613
0.007255
0.004936
0.004447
0.005654
0.005249
0.006044
0.005221
0.005335
0.009517
0.005211
0.005396
0.006453
0.004214
0.004795
0.008601
0.005700
0.005427
0.005571
0.007205
0.004820
0.005004
0.005402
0.004604
0.005200
0.004977
0.009628
0.005772
0.006937
0.015797
0.005215
0.007039
0.011102
0.005769
0.010094
0.005381
0.005937
0.009742
0.005064
0.005914
0.015418
0.005050
0.010358
0.006540
0.009768
0.009782
0.004934
0.005547
0.012105
0.007829
0.006702
0.007082
0.007560
0.008889
0.007896
0.006369
0.010678
0.012341
0.007231
0.006660
0.005874
0.009686
0.011870
0.010166
0.008014
0.008013
0.008739
0.006818
0.009258
0.008107
0.012172
0.005507
0.006735
0.006605
0.008223
0.007276
0.005271
0.009526
0.006716
0.005345
0.007191
0.006274
0.007255
0.006429
0.005127
0.004986
0.006397
0.004718
0.006451
0.006154
0.006029
0.007047
0.007285
0.005150
0.006357
0.006420
0.005308
0.009229
0.006175
0.005897
0.006499
0.008521
0.005675
0.005006
0.004788
0.006502
0.006900
0.007929
0.006130
0.006591
0.004734
0.004788
0.006344
0.004968
0.007280
0.004761
0.006656
0.004439
0.005980
0.005408
0.010727
0.005408
0.005437
0.008814
0.006905
0.006285
0.005395
0.005965
0.006132
0.004556
0.003863
0.008162
0.005091
0.004753
0.005612
0.005855
0.005986
0.006176
0.005238
0.005875
0.005913
0.005699
0.007872
0.005262
0.006461
0.005613
0.006568
0.005326
0.004786
0.009112
0.005103
0.006222
0.006151
0.006447
0.006770
0.005969
0.005742
0.007274
0.004693
0.004109
0.007086
0.006436
0.004931
0.005822
0.004728
0.006263
0.006042
0.004397
0.005352
0.007262
0.005314
0.005722
0.005078
0.006821
0.005963
0.008050
0.005319
0.005005
0.006447
0.004883
0.004591
0.012229
0.005380
0.010303
0.007181
0.008691
0.007649
0.005112
0.016142
0.012416
0.005742
0.007506
0.006958
0.006663
0.009445
0.006570
0.006917
0.008914
0.009360
0.004450
0.009000
0.010000
0.007381
0.005309
0.007179
0.019991
0.006365
0.007865
0.005920
0.005639
0.011673
0.006069
0.006225
0.005706
0.011043
0.006292
0.009370
0.005657
0.011083
0.007835
0.006542
0.004763
0.005941
0.005748
0.007827
0.006358
0.006148
0.005858
0.005288
0.005061
0.005808
0.004353
0.007269
0.006890
0.006139
0.005447
0.005856
0.006901
0.006550
0.005615
0.005919
0.008794
0.005844
0.010181
0.009526
0.004937
0.005752
0.004568
0.009680
0.005529
0.004448
0.006475
0.005616
0.005709
0.008118
0.006034
0.005621
0.004553
0.006473
0.005797
0.006743
0.005260
0.005020
0.005504
0.005434
0.007958
0.005861
0.004986
0.008274
0.005431
0.005767
0.008586
0.004770
0.005276
0.009758
0.004651
0.005948
0.005260
0.007145
0.005741
0.007821
0.007157
0.006433
0.004735
0.007801
0.006617
0.004980
0.008277
0.006112
0.005285
0.005289
0.006572
0.005872
0.005062
0.004817
0.004681
0.007897
0.004900
0.004966
0.009312
0.004793
0.006954
0.006091
0.005771
0.004170
0.004423
0.005759
0.005780
0.004835
0.004798
0.006123
0.007373
0.006065
0.006140
0.009411
0.004675
0.005067
0.004146
0.008218
0.004908
0.009697
0.006662
0.005408
0.005292
0.006165
0.004405
0.007228
0.009986
0.008182
0.005042
0.005824
0.007036
0.004023
0.007134
0.006044
0.005761
0.004877
0.005194
0.003960
0.007458
0.005571
0.006739
0.005449
0.006243
0.006138
0.004446
0.004552
0.006568
0.006792
0.005931
0.006129
0.006277
0.005277
0.005262
0.007182
0.006916
0.005313
0.004811
0.004806
0.006957
0.005339
0.003956
0.004266
0.004306
0.007269
0.004850
0.004567
0.005695
0.004399
0.004700
0.004949
0.006856
0.004836
0.005043
0.004075
0.005112
0.006393
0.003966
0.006582
0.007731
0.007179
0.005957
0.006435
0.005073
0.005889
0.004639
0.006262
0.008117
0.005387
0.005540
0.004833
0.005853
0.004981
0.005162
0.006096
0.004609
0.005931
0.005550
0.005634
0.005433
0.005189
0.006214
0.005474
0.007423
0.009623
0.006143
0.004608
0.005481
0.005554
0.005221
0.008283
0.005408
0.006681
0.005371
0.004673
0.004917
0.004912
0.004023
0.005055
0.008704
0.004906
0.004133
0.005574
0.006512
0.005178
0.009291
0.005020
0.005603
0.005975
0.005930
0.004989
0.005526
0.005783
0.004786
0.009550
0.005449
0.007342
0.003920
0.008737
0.007332
0.003857
0.008498
0.007314
0.003275
0.008952
0.005188
0.005185
0.005575
0.005532
0.008238
0.005563
0.004996
0.005659
0.006015
0.006575
0.004939
0.006469
0.003824
0.005232
0.004666
0.006963
0.006291
0.004381
0.005743
0.005611
0.005419
0.006300
0.004803
0.005101
0.005251
0.004260
0.004258
0.004837
0.004007
0.005641
0.005094
0.004700
0.005720
0.003953
0.005828
0.005135
0.005446
0.004005
0.004042
0.004902
0.006220
0.004341
0.005346
0.005624
0.006750
0.006190
0.004956
0.006512
0.004113
0.008363
0.004792
0.005627
0.004159
0.005998
0.006571
0.005399
0.007278
0.006364
0.004412
0.005543
0.006639
0.005155
0.006028
0.004428
0.006817
0.005477
0.006812
0.005582
0.004222
0.005686
0.006301
0.005609
0.016357
0.004954
0.007628
0.009218
0.006226
0.007320
0.013845
0.007588
0.007172
0.005283
0.009068
0.004322
0.006765
0.005160
0.006172
0.007259
0.007683
0.005831
0.006753
0.004672
0.004491
0.004990
0.006103
0.005714
0.006427
0.004938
0.003461
0.003965
0.005186
0.005672
0.004803
0.005090
0.004789
0.005757
0.004826
0.003882
0.006948
0.005946
0.007567
0.004142
0.004445
0.005327
0.006301
0.007853
0.004891
0.005982
0.005198
0.005102
0.003984
0.004875
0.005914
0.005770
0.004509
0.003838
0.005658
0.007855
0.005238
0.005054
0.006167
0.006277
0.005860
0.007048
0.003764
0.006336
0.004513
0.004494
0.005292
0.005622
0.005402
0.006235
0.005340
0.004834
0.004861
0.004313
0.004890
0.004380
0.005349
0.004647
0.005826
0.004521
0.004805
0.003786
0.004309
0.006712
0.003665
0.005148
0.007706
0.004954
0.004312
0.005308
0.004901
0.005074
0.005455
0.007137
0.004711
0.009864
0.005057
0.007227
0.003615
0.005701
0.004578
0.004189
0.007217
0.007523
0.005220
0.004748
0.011730
0.004024
0.006255
0.007206
0.007456
0.006266
0.006063
0.005524
0.005125
0.006924
0.006189
0.009021
0.005398
0.007821
0.006564
0.006532
0.005549
0.006126
0.008890
0.004741
0.004805
0.007725
0.006534
0.006465
0.005407
0.004631
0.005852
0.005051
0.005023
0.007488
0.004863
0.006598
0.004152
0.005873
0.005405
0.005684
0.004185
0.005719
0.007618
0.004986
0.005414
0.004424
0.005223
0.004011
0.009503
0.004472
0.005984
0.004607
0.004460
0.005558
0.005642
0.005214
0.004230
0.005180
0.008640
0.005265
0.004666
0.005704
0.005397
0.008599
0.005035
0.004176
0.008762
0.009053
0.006185
0.004854
0.006481
0.004577
0.005622
0.004391
0.005045
0.005038
0.004887
0.006113
0.005386
0.004382
0.003671
0.004650
0.005303
0.007046
0.007184
0.006238
0.004978
0.004319
0.007957
0.004847
0.005685
0.005661
0.005285
0.003853
0.009370
0.005208
0.005119
0.004766
0.007016
0.005931
0.004178
0.005958
0.006010
0.004372
0.005256
0.004495
0.005786
0.008696
0.006163
0.004717
0.007648
0.005587
0.004127
0.010146
0.004667
0.004492
0.009723
0.006568
0.008311
0.009416
0.011354
0.003948
0.006387
0.004334
0.006042
0.010756
0.008904
0.007183
0.013547
0.004349
0.012866
0.008370
0.011044
0.005651
0.008611
0.007016
0.006763
0.005974
0.005006
0.007355
0.006741
0.005546
0.006029
0.008615
0.006218
0.006316
0.004650
0.008128
0.006366
0.005605
0.006673
0.006345
0.004362
0.003758
0.009317
0.005099
0.005039
0.007333
0.004624
0.006388
0.006633
0.004965
0.004047
0.004669
0.004925
0.005351
0.003897
0.006414
0.007097
0.004406
0.005364
0.004889
0.006889
0.004787
0.007988
0.007193
0.004909
0.004833
0.007117
0.004082
0.005356
0.006736
0.004437
0.005428
0.005809
0.004314
0.004983
0.005795
0.003290
0.004829
0.004087
0.007617
0.004490
0.004284
0.003419
0.005804
0.004438
0.004159
0.003728
0.006956
0.004337
0.004194
0.003953
0.004864
0.003934
0.007865
0.006570
0.005617
0.004238
0.004490
0.004037
0.006104
0.003769
0.006792
0.005311
0.006317
0.004989
0.004754
0.004783
0.005396
0.007402
0.004347
0.007114
0.005503
0.004531
0.004908
0.007174
0.008266
0.006000
0.009052
0.005976
0.007355
0.006338
0.004941
0.005435
0.005200
0.004213
0.006739
0.004724
0.005678
0.005198
0.004991
0.004878
0.007257
0.004054
0.004227
0.007739
0.004858
0.004826
0.004820
0.004426
0.005275
0.006769
0.005586
0.004489
0.004648
0.004199
0.005412
0.003854
0.003896
0.006279
0.003890
0.004831
0.005081
0.005715
0.004710
0.006003
0.005356
0.004689
0.003494
0.005121
0.004688
0.004549
0.004348
0.004804
0.004096
0.007698
0.005107
0.004443
0.005284
0.004809
0.004610
0.009593
0.005326
0.005965
0.006183
0.004368
0.004860
0.007905
0.004719
0.006757
0.004781
0.005591
0.005593
0.004122
0.004395
0.003948
0.004876
0.005264
0.003708
0.004704
0.005095
0.005111
0.004193
0.003530
0.004564
0.004603
0.005556
0.004719
0.005080
0.005526
0.004168
0.004455
0.004056
0.003696
0.003982
0.004096
0.005399
0.006676
0.005014
0.004090
0.004167
0.004598
0.004453
0.003867
0.004435
0.004543
0.004452
0.005824
0.003932
0.005412
0.005118
0.006467
0.004084
0.004145
0.005320
0.005153
0.005552
0.004592
0.005111
0.006974
0.004474
0.003848
0.004586
0.004835
0.004930
0.007962
0.005202
0.004911
0.004214
0.005857
0.005100
0.003844
0.006729
0.005214
0.004372
0.005665
0.008429
0.003711
0.006304
0.003675
0.003849
0.003955
0.008074
0.004485
0.004255
0.004190
0.004602
0.003531
0.005147
0.007390
0.006688
0.006838
0.005057
0.005479
0.009242
0.004072
0.005888
0.006038
0.004959
0.005291
0.005068
0.005429
0.006542
0.005207
0.005673
0.007359
0.004310
0.003637
0.004148
0.005847
0.006788
0.005431
0.004265
0.005188
0.003275
0.006032
0.003633
0.005846
0.004210
0.006140
0.006408
0.006200
0.005890
0.008237
0.007319
0.004301
0.004558
0.007129
0.006946
0.006271
0.006362
0.005963
0.005238
0.004168
0.004576
0.006771
0.003660
0.004811
0.005662
0.005694
0.004936
0.004308
0.006854
0.005759
0.008635
0.005568
0.004320
0.003862
0.004533
0.006968
0.004562
0.003124
0.004112
0.003876
0.011838
0.005203
0.005842
0.005193
0.006090
0.006840
0.004980
0.011059
0.006633
0.004015
0.006385
0.005266
0.007383
0.005570
0.005121
0.005350
0.006547
0.006924
0.005007
0.004171
0.005521
0.004272
0.005363
0.005512
0.004313
0.004207
0.003372
0.004207
0.006217
0.004079
0.004766
0.005555
0.005534
0.004610
0.004817
0.005991
0.006786
0.004761
0.004436
0.003863
0.006503
0.004279
0.004425
0.006414
0.006065
0.004619
0.004409
0.003745
0.003841
0.004696
0.004541
0.006542
0.005295
0.006048
0.003530
0.004074
0.003933
0.004634
0.006428
0.006479
0.004692
0.006480
0.007287
0.006897
0.004486
0.004114
0.008103
0.006673
0.006408
0.009278
0.006441
0.006417
0.004715
0.006427
0.007081
0.006962
0.004144
0.007182
0.005574
0.008114
0.004704
0.004361
0.005711
0.008571
0.004773
0.004296
0.003120
0.006008
0.004868
0.008123
0.004631
0.004490
0.006662
0.003892
0.003818
0.006666
0.005582
0.005516
0.003805
0.004932
0.004304
0.003693
0.006976
0.005641
0.006590
0.004072
0.007174
0.004379
0.004181
0.004568
0.005085
0.004574
0.004341
0.004799
0.005053
0.005267
0.004143
0.003120
0.007207
0.004391
0.004352
0.004137
0.004573
0.004629
0.003723
0.004235
0.003737
0.004975
0.003877
0.005666
0.006630
0.004896
0.003583
0.007114
0.003715
0.007226
0.004099
0.003958
0.005392
0.004510
0.003237
0.005388
0.004116
0.004521
0.007018
0.003470
0.007444
0.004846
0.004704
0.003660
0.005330
0.004660
0.004766
0.004805
0.007988
0.003766
0.008111
0.006436
0.003931
0.006054
0.006010
0.005229
0.005502
0.004081
0.007447
0.006193
0.006239
0.006993
0.003849
0.003505
0.005021
0.003017
0.004616
0.004017
0.005073
0.003886
0.004286
0.006438
0.004592
0.003932
0.004189
0.005043
0.004880
0.005289
0.004738
0.003351
0.004575
0.005923
0.005456
0.004020
0.005975
0.003358
0.003625
0.003462
0.003670
0.009777
0.003941
0.005206
0.004046
0.004516
0.003898
0.005035
0.004044
0.004964
0.004348
0.003667
0.003911
0.003659
0.004182
0.004894
0.005642
0.004955
0.003657
0.005907
0.005197
0.003003
0.004745
0.004954
0.003750
0.004279
0.003376
0.003333
0.004847
0.003879
0.004940
0.003745
0.006047
0.004885
0.003063
0.003967
0.003493
0.004316
0.003972
0.005222
0.003277
0.006176
0.003763
0.005465
0.003781
0.007380
0.003617
0.004165
0.005431
0.003657
0.003663
0.003089
0.003443
0.003519
0.003785
0.004286
0.006439
0.003264
0.004147
0.004202
0.004309
0.004648
0.004585
0.003856
0.004330
0.003901
0.004064
0.004146
0.005122
0.005547
0.003657
0.004360
0.003461
0.006371
0.003408
0.003825
0.006319
0.004089
0.005259
0.007867
0.004719
0.003780
0.004159
0.005129
0.006766
0.004758
0.004001
0.004571
0.003557
0.011026
0.004608
0.004179
0.006656
0.005611
0.004109
0.010841
0.004835
0.004617
0.005049
0.005025
0.005471
0.004857
0.005890
0.004714
0.006012
0.006902
0.004913
0.005231
0.003951
0.004208
0.005113
0.004351
0.003266
0.005178
0.004644
0.005564
0.004934
0.006980
0.006688
0.004278
0.006985
0.003304
0.005175
0.006405
0.004496
0.004968
0.005287
0.004069
0.003972
0.005696
0.004257
0.003866
0.003606
0.003728
0.003138
0.004406
0.006166
0.004664
0.005926
0.005263
0.005370
0.004867
0.004635
0.005659
0.006728
0.003287
0.005625
0.004504
0.004653
0.004926
0.003942
0.004121
0.003799
0.007620
0.003901
0.003731
0.004019
0.004362
0.003574
0.004134
0.003572
0.005044
0.004243
0.005171
0.004023
0.004522
0.004024
0.003155
0.003944
0.005529
0.007158
0.004582
0.006927
0.004410
0.003991
0.002726
0.004492
0.004105
0.005448
0.007035
0.004348
0.004666
0.004404
0.004438
0.004298
0.003548
0.005204
0.004258
0.005727
0.003466
0.005583
0.004256
0.003031
0.005854
0.004113
0.004686
0.005288
0.003385
0.003419
0.004081
0.003634
0.004936
0.005460
0.004424
0.003631
0.003971
0.004730
0.004706
0.004633
0.003653
0.004317
0.004157
0.003947
0.003809
0.004231
0.005119
0.003276
0.004632
0.004201
0.004193
0.003725
0.004870
0.003617
0.003788
0.004102
0.003771
0.004738
0.004631
0.003693
0.004788
0.006108
0.003905
0.004101
0.005253
0.004376
0.005113
0.003385
0.004174
0.004526
0.003972
0.005235
0.004977
0.004698
0.005465
0.004321
0.005433
0.004266
0.003850
0.004727
0.003744
0.003630
0.004957
0.005018
0.003806
0.003631
0.004759
0.004304
0.003832
0.004164
0.003284
0.003747
0.004447
0.003679
0.004141
0.003776
0.007891
0.004072
0.004496
0.005654
0.003171
0.005192
0.005096
0.005618
0.003855
0.004010
0.003658
0.004686
0.002993
0.010339
0.004482
0.007088
0.003846
0.004965
0.007639
0.005920
0.004890
0.005608
0.004829
0.006303
0.005113
0.006441
0.004560
0.005130
0.004043
0.006587
0.004889
0.004011
0.004354
0.005603
0.004170
0.004053
0.003302
0.005104
0.003661
0.004329
0.007656
0.005224
0.004368
0.004239
0.003002
0.003902
0.004138
0.006328
0.005909
0.003534
0.004547
0.005092
0.003893
0.003620
0.003629
0.006356
0.004739
0.004759
0.004063
0.007430
0.004382
0.004571
0.003666
0.003887
0.004590
0.003272
0.004407
0.004619
0.006338
0.004094
0.006807
0.004894
0.003971
0.006941
0.004454
0.003872
0.006182
0.004437
0.003588
0.003418
0.003970
0.005813
0.004196
0.004713
0.003777
0.005268
0.005263
0.005706
0.005602
0.004565
0.003984
0.003310
0.004225
0.005402
0.003338
0.004395
0.007523
0.003604
0.004602
0.005528
0.004525
0.003765
0.004099
0.004671
0.003511
0.004646
0.003074
0.003564
0.008529
0.004736
0.003984
0.008433
0.003339
0.004159
0.004657
0.003760
0.003721
0.005468
0.004177
0.004087
0.005720
0.004287
0.003612
0.004169
0.004566
0.005653
0.005163
0.003746
0.005326
0.005092
0.003752
0.004268
0.003740
0.004244
0.004651
0.006921
0.004392
0.004772
0.004425
0.004280
0.004763
0.003835
0.002823
0.003183
0.004276
0.004866
0.003943
0.004806
0.004381
0.004515
0.004453
0.003135
0.004498
0.003683
0.006320
0.004675
0.005945
0.003207
0.004929
0.003883
0.004586
0.006103
0.004026
0.004028
0.003323
0.004223
0.004385
0.004218
0.004245
0.004067
0.004171
0.003995
0.007458
0.004845
0.004917
0.003833
0.003526
0.003258
0.004513
0.004971
0.004066
0.004073
0.003702
0.003799
0.004641
0.003396
0.003455
0.005060
0.004001
0.003290
0.003399
0.004265
0.004027
0.007446
0.003348
0.005344
0.004237
0.003689
0.003533
0.003322
0.004037
0.003414
0.007340
0.003753
0.003320
0.003579
0.005188
0.005113
0.004132
0.006016
0.003860
0.004301
0.003711
0.007507
0.005522
0.003828
0.005246
0.004066
0.004241
0.004289
0.004289
0.003553
0.005856
0.003896
0.004954
0.005313
0.003066
0.004272
0.005216
0.002956
0.004632
0.004069
0.003774
0.007952
0.003746
0.003793
0.005322
0.005087
0.006312
0.004499
0.004720
0.005158
0.005652
0.004307
0.003839
0.005260
0.003583
0.003469
0.005907
0.004507
0.004066
0.005433
0.004065
0.005875
0.003721
0.003161
0.004235
0.004178
0.004288
0.003476
0.003402
0.004068
0.004395
0.003944
0.003451
0.004097
0.003771
0.004602
0.005774
0.003755
0.004218
0.003657
0.003062
0.003390
0.006740
0.005241
0.004747
0.005535
0.003864
0.004110
0.004981
0.003100
0.006048
0.003816
0.003790
0.003826
0.003955
0.003030
0.004779
0.004609
0.003840
0.003717
0.003122
0.004404
0.003816
0.004480
0.004010
0.003899
0.004591
0.005001
0.003857
0.004373
0.003258
0.003883
0.003416
0.004349
0.005079
0.003102
0.004058
0.004850
0.003935
0.003109
0.005003
0.003912
0.003758
0.004780
0.004932
0.004891
0.004608
0.005888
0.003738
0.004558
0.004055
0.003671
0.008080
0.004395
0.006206
0.004383
0.003782
0.003390
0.003540
0.003722
0.004366
0.005817
0.005140
0.004400
0.003836
0.003547
0.004505
0.003432
0.003597
0.003419
0.004032
0.003337
0.004941
0.003160
0.004066
0.002877
0.003615
0.003847
0.003942
0.003694
0.004298
0.003222
0.007071
0.005948
0.003539
0.002935
0.003418
0.004271
0.003441
0.003442
0.003796
0.004665
0.004352
0.007987
0.005981
0.003495
0.004042
0.005279
0.003376
0.003951
0.004559
0.003565
0.003433
0.004193
0.005784
0.005932
0.003537
0.003929
0.003706
0.002938
0.003349
0.004221
0.010402
0.003699
0.005892
0.003293
0.006518
0.004564
0.003608
0.005711
0.005214
0.003839
0.003557
0.004533
0.004153
0.006499
0.004467
0.004453
0.003767
0.004972
0.008103
0.007122
0.005237
0.004263
0.005317
0.006755
0.004061
0.005246
0.004385
0.003108
0.003583
0.007295
0.003272
0.005040
0.004253
0.003868
0.004533
0.004988
0.006401
0.004215
0.005228
0.004253
0.006750
0.003703
0.004049
0.005477
0.003584
0.004127
0.005889
0.005636
0.003492
0.004218
0.008349
0.006910
0.004939
0.003615
0.003845
0.003463
0.003194
0.006275
0.003519
0.004626
0.008493
0.003972
0.004548
0.004169
0.003626
0.004584
0.004892
0.003982
0.003379
0.003749
0.003926
0.004081
0.006004
0.003955
0.006249
0.005408
0.004094
0.002978
0.002946
0.005153
0.003970
0.003504
0.005213
0.004483
0.003404
0.004079
0.005765
0.003951
0.003959
0.004093
0.004129
0.004532
0.003923
0.003971
0.005148
0.004648
0.004269
0.004206
0.003322
0.003195
0.004216
0.006235
0.004275
0.003601
0.003730
0.003581
0.003989
0.005842
0.005390
0.003603
0.006393
0.004262
0.003416
0.004063
0.004277
0.003058
0.004149
0.006545
0.003254
0.003220
0.004065
0.004401
0.004401
0.004317
0.003982
0.003124
0.003659
0.002897
0.003245
0.006717
0.004746
0.003373
0.006315
0.005995
0.003734
0.003066
0.003723
0.005961
0.003290
0.005249
0.004370
0.004120
0.004113
0.003086
0.003949
0.004784
0.003652
0.003551
0.002928
0.006329
0.002526
0.003992
0.004039
0.004503
0.004825
0.003729
0.004300
0.004737
0.004643
0.005035
0.003944
0.004337
0.004455
0.004349
0.003756
0.004078
0.004157
0.005140
0.003063
0.005860
0.003912
0.004393
0.004708
0.004802
0.004266
0.005231
0.003433
0.003020
0.003012
0.003543
0.005658
0.003139
0.003652
0.004750
0.003636
0.003252
0.002834
0.003294
0.005514
0.002638
0.003422
0.004284
0.003185
0.003263
0.003347
0.004060
0.004399
0.003348
0.004981
0.004340
0.002877
0.002794
0.003719
0.003515
0.004765
0.004264
0.004125
0.003353
0.002789
0.003107
0.004063
0.002789
0.003481
0.003770
0.002681
0.004132
0.003079
0.003444
0.003639
0.004448
0.004051
0.003422
0.003484
0.004354
0.003183
0.003794
0.003238
0.003542
0.003493
0.003611
0.003758
0.004274
0.002812
0.004379
0.004621
0.003868
0.003551
0.003047
0.002927
0.004317
0.003951
0.002811
0.003367
0.003764
0.002847
0.003842
0.005123
0.004185
0.003383
0.003583
0.004588
0.003126
0.003897
0.003080
0.003852
0.003781
0.003516
0.002507
0.004144
0.004342
0.004261
0.004558
0.004061
0.004793
0.006074
0.003847
0.003031
0.003451
0.003368
0.003251
0.002976
0.003567
0.003770
0.004234
0.002869
0.003379
0.003091
0.003396
0.004191
0.003971
0.005427
0.003343
0.005121
0.003505
0.005148
0.002845
0.003619
0.003918
0.004483
0.004409
0.004924
0.005303
0.004810
0.004522
0.002680
0.003661
0.003615
0.003470
0.002901
0.004395
0.003043
0.003331
0.003724
0.006145
0.003914
0.004123
0.003501
0.003782
0.003114
0.004349
0.003996
0.004439
0.003627
0.004104
0.003869
0.003628
0.004152
0.003979
0.003609
0.002594
0.003726
0.005054
0.003128
0.004653
0.004901
0.003123
0.005151
0.003219
0.005002
0.004389
0.003519
0.004628
0.003239
0.003363
0.004444
0.003870
0.003742
0.003635
0.003269
0.003974
0.003697
0.003363
0.003271
0.003276
0.003814
0.003046
0.003161
0.005202
0.003033
0.003770
0.003718
0.003716
0.003383
0.003268
0.004668
0.002667
0.003974
0.003621
0.004296
0.004096
0.003399
0.003023
0.004129
0.003382
0.003619
0.003303
0.005737
0.003689
0.002423
0.005859
0.004576
0.004564
0.004389
0.007108
0.003953
0.005356
0.005432
0.002722
0.004189
0.007046
0.004335
0.004902
0.005924
0.004990
0.005491
0.005045
0.007386
0.003525
0.005636
0.005485
0.004465
0.004020
0.004407
0.005727
0.003975
0.004542
0.003627
0.004297
0.004128
0.004453
0.004891
0.003544
0.006211
0.003832
0.003592
0.005086
0.003850
0.005263
0.004843
0.004773
0.005072
0.002938
0.004731
0.003636
0.004518
0.003678
0.004244
0.004494
0.004057
0.003336
0.004178
0.003332
0.005202
0.003742
0.003920
0.002861
0.006328
0.004529
0.003795
0.006775
0.005013
0.004448
0.003585
0.005154
0.003770
0.004530
0.003807
0.005222
0.005591
0.005237
0.004850
0.003363
0.004020
0.003681
0.003796
0.006078
0.003263
0.002955
0.007379
0.003512
0.002965
0.003909
0.004083
0.003706
0.005770
0.005841
0.005277
0.004881
0.003664
0.003642
0.003701
0.007285
0.003776
0.003296
0.003928
0.004730
0.006097
0.003526
0.004981
0.004031
0.003628
0.003289
0.003609
0.003296
0.003928
0.002394
0.003517
0.003864
0.003877
0.004349
0.003518
0.003820
0.005027
0.004031
0.003924
0.005112
0.004529
0.003709
0.003093
0.003477
0.003941
0.004033
0.004202
0.004220
0.004110
0.003092
0.004485
0.003789
0.004139
0.003303
0.003413
0.004757
0.002994
0.003235
0.003853
0.003058
0.003492
0.003205
0.004665
0.003286
0.003896
0.003563
0.003049
0.003193
0.002846
0.003565
0.004514
0.004425
0.003354
0.003276
0.003158
0.007702
0.003741
0.003349
0.004607
0.003459
0.005250
0.003048
0.004034
0.003693
0.004176
0.004071
0.003901
0.003479
0.006785
0.003211
0.003996
0.004011
0.003832
0.002838
0.003855
0.003926
0.003363
0.004541
0.003955
0.003419
0.003162
0.003111
0.004698
0.003801
0.003941
0.005474
0.004760
0.004104
0.003571
0.004506
0.003702
0.003668
0.003397
0.004562
0.003422
0.003488
0.003363
0.003760
0.004367
0.003013
0.003411
0.002736
0.005952
0.003879
0.004623
0.003739
0.004216
0.003678
0.003944
0.003836
0.003861
0.003112
0.004609
0.003725
0.003886
0.002260
0.003642
0.003513
0.005119
0.003501
0.003197
0.003458
0.003210
0.003905
0.002915
0.003731
0.003367
0.003975
0.002846
0.004515
0.003232
0.003100
0.003641
0.004104
0.003849
0.003167
0.003126
0.002848
0.003690
0.004550
0.003091
0.004756
0.003232
0.003566
0.003005
0.004996
0.003457
0.003410
0.005350
0.003624
0.003281
0.003431
0.003640
0.004181
0.003460
0.002993
0.004387
0.003535
0.004105
0.002904
0.003250
0.002748
0.002530
0.004095
0.004562
0.003954
0.004537
0.003635
0.004510
0.003123
0.003628
0.003304
0.003392
0.003985
0.002940
0.004047
0.004073
0.003407
0.002933
0.005987
0.003309
0.002524
0.003843
0.002943
0.003604
0.004017
0.004524
0.003664
0.003825
0.003159
0.003376
0.004844
0.003437
0.002769
0.004561
0.003958
0.004426
0.003186
0.003617
0.002916
0.003654
0.003600
0.003625
0.003794
0.005865
0.003242
0.004169
0.003320
0.003910
0.004147
0.003691
0.002860
0.005217
0.003569
0.002564
0.003833
0.003968
0.002612
0.004412
0.003082
0.003079
0.003293
0.003265
0.003703
0.003119
0.003359
0.004667
0.002982
0.003100
0.003686
0.003684
0.004710
0.003823
0.004601
0.003036
0.003651
0.005386
0.003452
0.003765
0.004476
0.004553
0.004044
0.004292
0.002677
0.003846
0.003574
0.004859
0.004261
0.002760
0.003182
0.004312
0.003986
0.003441
0.003934
0.003153
0.004391
0.003606
0.003456
0.003810
0.005848
0.004971
0.004029
0.004565
0.003265
0.003513
0.003370
0.003673
0.003297
0.003171
0.003664
0.003803
0.003836
0.003677
0.002943
0.003463
0.003577
0.004064
0.002531
0.002983
0.004475
0.005869
0.002919
0.004437
0.002935
0.003812
0.003259
0.004179
0.004284
0.003808
0.003520
0.003599
0.003631
0.004006
0.003830
0.004929
0.003666
0.004460
0.004436
0.003952
0.003670
0.004675
0.004278
0.003713
0.003946
0.003700
0.003334
0.003078
0.002857
0.003920
0.004480
0.002820
0.004078
0.003789
0.002754
0.003422
0.003541
0.002938
0.003756
0.003838
0.004953
0.002962
0.003232
0.004643
0.002963
0.003495
0.003638
0.004024
0.003605
0.003398
0.005012
0.003693
0.003176
0.004172
0.002926
0.002802
0.003170
0.007377
0.002858
0.003686
0.004284
0.003144
0.004016
0.003786
0.004954
0.003479
0.007383
0.003762
0.002380
0.003317
0.004605
0.005048
0.004926
0.004437
0.003240
0.003512
0.003835
0.003911
0.002693
0.005077
0.004026
0.003255
0.003679
0.003859
0.003279
0.004530
0.002711
0.003129
0.003451
0.003159
0.003688
0.005686
0.003620
0.004595
0.003882
0.003235
0.004652
0.004879
0.005041
0.003508
0.004971
0.003831
0.005083
0.003722
0.003070
0.003720
0.004244
0.003944
0.005355
0.002708
0.007317
0.004435
0.004006
0.006700
0.003170
0.003792
0.003516
0.005406
0.003832
0.002874
0.007643
0.004224
0.003587
0.004332
0.003117
0.004901
0.004091
0.004560
0.002885
0.003874
0.005081
0.003963
0.004339
0.004255
0.003188
0.003627
0.005552
0.002903
0.004401
0.003399
0.004755
0.003608
0.004733
0.005800
0.002847
0.003600
0.003537
0.003033
0.002954
0.003503
0.003113
0.004272
0.003921
0.003411
0.003320
0.002694
0.003866
0.002383
0.002823
0.003846
0.005165
0.003656
0.003905
0.003031
0.003268
0.003833
0.003237
0.003909
0.004659
0.003863
0.005194
0.003312
0.003418
0.003335
0.004618
0.002957
0.003277
0.003651
0.003200
0.003459
0.003684
0.002925
0.002883
0.002811
0.003272
0.003929
0.003042
0.002962
0.003311
0.005166
0.003768
0.003210
0.002930
0.002843
0.004342
0.002945
0.003222
0.005031
0.003300
0.004075
0.003253
0.004594
0.003154
0.003592
0.002911
0.003817
0.003391
0.003981
0.004184
0.003701
0.002788
0.003896
0.003408
0.004559
0.004131
0.003460
0.004932
0.004614
0.004265
0.002781
0.003587
0.004901
0.002642
0.004158
0.003596
0.003177
0.003559
0.003123
0.003578
0.003262
0.002885
0.003106
0.005377
0.002916
0.003165
0.003254
0.003386
0.004077
0.004921
0.003372
0.004641
0.002877
0.004044
0.004793
0.003808
0.002964
0.004691
0.003947
0.002945
0.003113
0.003029
0.003720
0.003404
0.003842
0.003383
0.004069
0.002821
0.002787
0.004359
0.003372
0.003424
0.004188
0.003377
0.003906
0.002946
0.003448
0.003134
0.004690
0.003322
0.003528
0.003712
0.003934
0.003501
0.003247
0.003142
0.003193
0.003673
0.002812
0.002704
0.002773
0.003053
0.004868
0.002994
0.002940
0.002802
0.003535
0.003042
0.002953
0.002704
0.003194
0.003033
0.003102
0.003046
0.002945
0.003599
0.003555
0.003370
0.003249
0.003457
0.003574
0.002866
0.002960
0.003668
0.003006
0.003369
0.003015
0.002935
0.002547
0.003133
0.002812
0.004292
0.003807
0.002341
0.002779
0.002991
0.003060
0.002618
0.003359
0.004361
0.002986
0.003876
0.002904
0.002545
0.003083
0.003476
0.003490
0.003212
0.003655
0.002829
0.002613
0.003252
0.002720
0.003218
0.002787
0.003812
0.003026
0.003112
0.003729
0.003295
0.003760
0.002790
0.002892
0.004315
0.003383
0.003488
0.003223
0.004313
0.003600
0.002979
0.003425
0.003658
0.002618
0.003151
0.002811
0.003649
0.003989
0.003282
0.003114
0.003577
0.003078
0.002717
0.003121
0.002755
0.003652
0.003546
0.002628
0.003296
0.004091
0.002922
0.003203
0.002567
0.003167
0.003093
0.002917
0.004457
0.003061
0.003734
0.003705
0.004201
0.002998
0.004204
0.003063
0.003470
0.003754
0.004979
0.003169
0.003535
0.002940
0.003549
0.004195
0.003699
0.004571
0.003774
0.003369
0.002650
0.002947
0.004222
0.003782
0.002520
0.003742
0.003838
0.002838
0.002722
0.003679
0.008168
0.003230
0.006594
0.004555
0.004792
0.004581
0.007816
0.002874
0.004331
0.003389
0.003137
0.004233
0.004876
0.003782
0.003985
0.004016
0.002909
0.003854
0.004800
0.004025
0.003275
0.003416
0.004004
0.003600
0.005176
0.004099
0.003261
0.005230
0.002921
0.003317
0.004307
0.003696
0.004661
0.003153
0.004062
0.003388
0.003843
0.003460
0.004422
0.003201
0.003170
0.005673
0.003502
0.003064
0.003883
0.004720
0.002992
0.003092
0.005722
0.003455
0.003443
0.004958
0.004938
0.002656
0.003458
0.002524
0.003590
0.003117
0.003465
0.003601
0.003276
0.003863
0.002936
0.003626
0.003979
0.003413
0.004417
0.005831
0.003385
0.003261
0.002676
0.003679
0.002964
0.003328
0.004653
0.002617
0.003267
0.003118
0.002760
0.004440
0.003839
0.004658
0.004385
0.003408
0.003262
0.003925
0.003567
0.002996
0.004283
0.003101
0.002666
0.004178
0.003864
0.003882
0.003715
0.003538
0.002961
0.003541
0.002783
0.003963
0.003268
0.003811
0.002791
0.003187
0.006252
0.004738
0.003674
0.003754
0.003721
0.005310
0.003474
0.004612
0.003540
0.004195
0.004284
0.002890
0.003661
0.004267
0.003210
0.003913
0.003758
0.003628
0.003872
0.003204
0.003434
0.002415
0.003215
0.003728
0.003859
0.003549
0.004538
0.003393
0.004693
0.003203
0.004556
0.003432
0.002929
0.002520
0.002647
0.002618
0.002994
0.003982
0.002844
0.003340
0.004053
0.003067
0.003293
0.006173
0.003306
0.004266
0.002501
0.003592
0.002749
0.003171
0.003017
0.003720
0.002782
0.003676
0.005350
0.002479
0.005763
0.003178
0.003346
0.003111
0.005237
0.002719
0.003822
0.003516
0.003503
0.003202
0.002900
0.005899
0.004357
0.003827
0.003267
0.003533
0.003146
0.004505
0.002580
0.003388
0.004209
0.003140
0.002439
0.003286
0.002741
0.004274
0.004304
0.003021
0.004120
0.002672
0.004317
0.003988
0.003297
0.004706
0.004539
0.004087
0.002741
0.003920
0.002744
0.004029
0.003456
0.003209
0.002729
0.003017
0.002745
0.005607
0.002123
0.003404
0.002847
0.003095
0.003121
0.003129
0.003268
0.003199
0.005754
0.003264
0.003206
0.005948
0.004727
0.005183
0.002895
0.004642
0.002701
0.002819
0.005464
0.003490
0.003892
0.003589
0.006303
0.003781
0.004183
0.003492
0.003970
0.003444
0.003867
0.005505
0.004980
0.003208
0.004133
0.003030
0.003504
0.002681
0.003288
0.003858
0.003451
0.003046
0.004159
0.006110
0.003433
0.002756
0.004228
0.006281
0.003228
0.005036
0.004498
0.004365
0.003500
0.003646
0.004516
0.005272
0.003017
0.004698
0.005725
0.003345
0.003236
0.004666
0.005599
0.003064
0.003220
0.006466
0.003301
0.007280
0.003907
0.005255
0.005947
0.003731
0.004416
0.004023
0.006686
0.003871
0.003233
0.003335
0.004310
0.003481
0.003280
0.003743
0.004589
0.004079
0.004406
0.004254
0.003388
0.003337
0.005935
0.003800
0.005428
0.004512
0.003461
0.003450
0.004319
0.003526
0.003882
0.003970
0.004093
0.005012
0.002789
0.002811
0.005252
0.003976
0.002549
0.003758
0.002898
0.004675
0.004032
0.002885
0.003585
0.004043
0.003622
0.002849
0.003900
0.003190
0.005481
0.003318
0.002725
0.004659
0.003421
0.004544
0.003333
0.003416
0.003189
0.003464
0.002852
0.003017
0.003246
0.002839
0.002817
0.002277
0.002533
0.003668
0.003346
0.003371
0.002961
0.003204
0.002868
0.003494
0.003679
0.003800
0.002389
0.003084
0.003605
0.003514
0.002536
0.002629
0.002948
0.003280
0.003641
0.099038
0.004289
0.005840
0.013077
0.008714
0.007495
0.008905
0.009645
0.007768
0.009169
0.006682
0.005603
0.008474
0.007781
0.005061
0.005316
0.004742
0.006934
0.004217
0.008800
0.006883
0.005247
0.005123
0.004405
0.006353
0.003630
0.004081
0.004714
0.005100
0.003895
0.003506
0.003274
0.003788
0.003133
0.003946
0.003667
0.003544
0.005061
0.003760
0.003463
0.004046
0.003562
0.003838
0.004948
0.002625
0.002945
0.004651
0.003088
0.003332
0.003663
0.003180
0.004194
0.003847
0.003649
0.002888
0.003302
0.004841
0.004505
0.003264
0.003355
0.002764
0.002574
0.002127
0.002770
0.003583
0.003479
0.002966
0.003833
0.003467
0.003162
0.003194
0.002527
0.005856
0.003894
0.002695
0.002962
0.002711
0.002752
0.003946
0.004171
0.004439
0.003830
0.004304
0.002956
0.004015
0.002713
0.003037
0.003069
0.003027
0.003475
0.004439
0.002974
0.003526
0.003545
0.003771
0.003560
0.003424
0.002877
0.004136
0.003503
0.003285
0.004238
0.003460
0.004112
0.003070
0.003376
0.003145
0.002539
0.002439
0.002937
0.003501
0.003619
0.003437
0.003100
0.004070
0.003655
0.003015
0.003390
0.003549
0.003119
0.003369
0.003706
0.004399
0.003694
0.003921
0.002608
0.002877
0.003245
0.003950
0.003052
0.004505
0.003240
0.003109
0.003813
0.003435
0.003523
0.003702
0.003388
0.003372
0.003179
0.003485
0.004324
0.003408
0.003258
0.002561
0.003378
0.005435
0.002997
0.002418
0.003364
0.002726
0.004020
0.003816
0.003308
0.002807
0.003662
0.003129
0.003061
0.003929
0.002451
0.003155
0.003849
0.002966
0.003190
0.002547
0.002832
0.004526
0.003846
0.002825
0.003298
0.003476
0.004815
0.004891
0.002929
0.003574
0.003175
0.005993
0.003029
0.003484
0.002861
0.004776
0.002642
0.003638
0.002786
0.003159
0.003909
0.003048
0.003165
0.002941
0.003310
0.002647
0.003257
0.002864
0.003191
0.003150
0.002656
0.002368
0.003389
0.003703
0.003868
0.003846
0.003280
0.002952
0.003171
0.003946
0.003899
0.002863
0.003905
0.003382
0.002752
0.003309
0.003219
0.002725
0.003051
0.002995
0.002546
0.003401
0.002570
0.003523
0.003510
0.003415
0.002967
0.002894
0.002803
0.002555
0.003645
0.003314
0.002753
0.004434
0.004270
0.003059
0.003195
0.003787
0.002678
0.003174
0.002414
0.002682
0.002978
0.003628
0.003923
0.004459
0.002909
0.002679
0.003009
0.002830
0.004049
0.003048
0.003945
0.002767
0.003179
0.003530
0.003074
0.003200
0.003090
0.003003
0.002933
0.005126
0.003042
0.002747
0.003189
0.003161
0.005220
0.003308
0.003495
0.004372
0.003429
0.002723
0.002646
0.006181
0.003396
0.002482
0.003363
0.002924
0.003749
0.002910
0.003332
0.003055
0.003110
0.002482
0.002839
0.003211
0.002737
0.003235
0.002981
0.002867
0.004052
0.002366
0.003292
0.003681
0.002709
0.003109
0.003850
0.004028
0.004041
0.002728
0.003153
0.003261
0.002827
0.003703
0.002771
0.003351
0.003416
0.002891
0.002814
0.002839
0.003754
0.002773
0.003011
0.002843
0.003152
0.002595
0.002859
0.003130
0.002772
0.004243
0.003211
0.002754
0.002106
0.002944
0.002917
0.002560
0.004799
0.002995
0.002922
0.002933
0.003793
0.002379
0.003297
0.002587
0.003485
0.002522
0.002908
0.003756
0.002569
0.002918
0.003138
0.003136
0.002699
0.003964
0.002868
0.002772
0.002932
0.003973
0.003609
0.002757
0.003702
0.002759
0.003044
0.003225
0.002716
0.002656
0.003020
0.005011
0.003931
0.003621
0.002652
0.003497
0.004154
0.003746
0.003314
0.003374
0.003030
0.003402
0.003942
0.002828
0.003271
0.003423
0.004773
0.003558
0.004991
0.004201
0.003336
0.002430
0.003530
0.002723
0.003069
0.003367
0.004274
0.003208
0.002915
0.003569
0.003150
0.003786
0.002943
0.003110
0.003189
0.002754
0.004448
0.003480
0.004342
0.003208
0.003331
0.005109
0.004227
0.003624
0.003298
0.002682
0.003043
0.002840
0.002680
0.003724
0.003644
0.002517
0.003640
0.002546
0.003292
0.003485
0.003375
0.002545
0.002508
0.003168
0.003902
0.003061
0.002791
0.003477
0.002830
0.003020
0.003691
0.004437
0.003111
0.003089
0.002411
0.003631
0.003111
0.002923
0.002487
0.003214
0.002690
0.003212
0.003024
0.003357
0.002453
0.002737
0.002893
0.002395
0.003059
0.003634
0.002782
0.003122
0.003121
0.003403
0.002675
0.004309
0.003056
0.003467
0.004204
0.002699
0.003790
0.002500
0.002653
0.003636
0.002401
0.003721
0.003976
0.002918
0.002290
0.003754
0.006241
0.002963
0.003498
0.003956
0.003119
0.002586
0.004837
0.002829
0.002489
0.003556
0.003418
0.005833
0.002896
0.003205
0.003915
0.002895
0.003685
0.003600
0.003679
0.003158
0.003419
0.003910
0.002992
0.004315
0.004247
0.003339
0.003509
0.005159
0.002588
0.003488
0.005849
0.003027
0.003324
0.005572
0.004037
0.003200
0.003494
0.003666
0.003454
0.002525
0.002473
0.003009
0.002607
0.003841
0.003523
0.003145
0.003541
0.003701
0.004074
0.003878
0.003574
0.003567
0.002804
0.002788
0.002601
0.003450
0.003007
0.002394
0.002870
0.003728
0.003095
0.002468
0.004162
0.003196
0.003093
0.002433
0.002649
0.004731
0.002800
0.002680
0.003311
0.002737
0.002616
0.002971
0.003437
0.004221
0.002577
0.005387
0.003135
0.002962
0.002740
0.003430
0.003023
0.002521
0.003930
0.002804
0.003690
0.002919
0.004353
0.003104
0.003578
0.003714
0.004286
0.002978
0.003133
0.003252
0.003082
0.002993
0.003284
0.003092
0.002865
0.003367
0.002520
0.003323
0.002779
0.002877
0.003164
0.002766
0.002727
0.003249
0.003053
0.002438
0.002991
0.003100
0.002563
0.002694
0.003306
0.003964
0.003578
0.003180
0.002510
0.003309
0.002631
0.002267
0.002337
0.003481
0.002669
0.002240
0.003860
0.002776
0.003539
0.002205
0.003582
0.002758
0.003211
0.002749
0.003807
0.003517
0.002855
0.004293
0.004664
0.003279
0.004311
0.002489
0.003383
0.003509
0.003149
0.002686
0.003506
0.003699
0.002870
0.002477
0.004746
0.002472
0.002604
0.003718
0.003321
0.002978
0.002867
0.002697
0.003731
0.003036
0.003410
0.002808
0.003521
0.003194
0.003576
0.002400
0.003136
0.002820
0.003154
0.002849
0.002727
0.003464
0.003513
0.003345
0.003937
0.002644
0.002680
0.002999
0.003353
0.003111
0.002478
0.003164
0.002818
0.003177
0.003029
0.003332
0.003211
0.003043
0.002771
0.002855
0.003826
0.002927
0.002968
0.002852
0.002975
0.003554
0.003217
0.003136
0.003312
0.003514
0.003599
0.003437
0.003064
0.003418
0.003089
0.002587
0.004032
0.003019
0.002652
0.004255
0.003450
0.002236
0.003975
0.002712
0.003862
0.003159
0.003012
0.003652
0.002817
0.002677
0.003466
0.004824
0.003556
0.003118
0.003535
0.003956
0.003296
0.003030
0.003326
0.003920
0.002645
0.003514
0.003015
0.003932
0.002752
0.004443
0.003468
0.002944
0.003232
0.004035
0.002965
0.002787
0.003325
0.004148
0.003327
0.003153
0.003312
0.003877
0.002570
0.002900
0.002929
0.002932
0.002984
0.003556
0.002718
0.004341
0.002608
0.003825
0.002670
0.002255
0.003197
0.002935
0.002990
0.002866
0.002946
0.003091
0.002540
0.003120
0.003707
0.003137
0.003095
0.004016
0.002985
0.003620
0.004226
0.003610
0.003729
0.002379
0.003793
0.003460
0.003285
0.003869
0.003357
0.002679
0.003593
0.002841
0.002704
0.002512
0.003177
0.002300
0.002376
0.002637
0.002633
0.004357
0.003059
0.002792
0.003271
0.003540
0.002763
0.003415
0.003722
0.002964
0.002902
0.002471
0.002670
0.003181
0.002787
0.003004
0.003457
0.002527
0.003702
0.003153
0.003363
0.003529
0.002779
0.003059
0.002725
0.003397
0.002738
0.003484
0.003166
0.003404
0.002726
0.002622
0.002765
0.002551
0.003447
0.003017
0.003180
0.002624
0.002432
0.002824
0.002823
0.002821
0.003114
0.002810
0.003795
0.002481
0.003329
0.003157
0.004087
0.003056
0.004025
0.003388
0.003034
0.002666
0.002911
0.002776
0.004616
0.003725
0.002787
0.002423
0.002816
0.002752
0.002501
0.003123
0.003002
0.002512
0.002257
0.003497
0.002579
0.003464
0.002719
0.004394
0.002262
0.003257
0.002741
0.003327
0.003267
0.003410
0.002477
0.003063
0.003914
0.003032
0.002820
0.003365
0.003142
0.003782
0.003006
0.002776
0.002663
0.002937
0.003927
0.002964
0.003596
0.003408
0.003794
0.001961
0.002805
0.002842
0.002497
0.002846
0.003038
0.002535
0.003844
0.003112
0.002486
0.003188
0.003309
0.002770
0.003844
0.002771
0.002716
0.002482
0.003374
0.003328
0.003115
0.002883
0.003501
0.002599
0.002515
0.003044
0.002950
0.003349
0.003545
0.002860
0.002831
0.003049
0.003245
0.002565
0.002238
0.002967
0.003342
0.002441
0.003995
0.004428
0.002558
0.003206
0.004523
0.002829
0.003343
0.002856
0.003074
0.002948
0.003763
0.002980
0.003586
0.003331
0.002390
0.002381
0.003370
0.003860
0.002832
0.002763
0.003001
0.002771
0.002589
0.003044
0.003443
0.003396
0.003357
0.002825
0.003145
0.002685
0.003436
0.003469
0.002788
0.002634
0.002963
0.003845
0.002943
0.002821
0.002519
0.002724
0.002703
0.002846
0.002655
0.003045
0.003104
0.003936
0.002803
0.003559
0.003357
0.002629
0.002795
0.002776
0.002714
0.003216
0.003075
0.002402
0.002418
0.002690
0.002673
0.002656
0.003342
0.002914
0.002522
0.002441
0.003233
0.002770
0.002516
0.003712
0.002349
0.002511
0.002439
0.002704
0.003484
0.002823
0.003108
0.002734
0.003181
0.003683
0.003564
0.003386
0.002741
0.003412
0.002556
0.003135
0.002257
0.002980
0.002910
0.002949
0.003494
0.002772
0.002680
0.002604
0.002749
0.002487
0.002529
0.002743
0.003086
0.002916
0.003733
0.002363
0.003148
0.004065
0.002524
0.003341
0.004542
0.002908
0.003031
0.002715
0.004384
0.002352
0.002551
0.003849
0.002829
0.002440
0.002945
0.003202
0.002963
0.003758
0.002374
0.003091
0.002245
0.003407
0.003667
0.002528
0.002758
0.002820
0.002694
0.005529
0.003061
0.003126
0.003584
0.005540
0.003533
0.003321
0.011665
0.003839
0.004129
0.003943
0.004671
0.005458
0.007858
0.007229
0.003355
0.003402
0.007020
0.003270
0.003414
0.005499
0.004743
0.002612
0.005016
0.003458
0.004821
0.003288
0.002842
0.006198
0.003811
0.003753
0.002901
0.005606
0.003128
0.004484
0.002761
0.003638
0.003459
0.002649
0.003216
0.005377
0.003573
0.003696
0.002871
0.003099
0.004068
0.003063
0.003641
0.003737
0.004793
0.004287
0.003852
0.003230
0.003238
0.002917
0.003426
0.003346
0.002573
0.002889
0.003984
0.003523
0.002917
0.003514
0.004279
0.002515
0.002855
0.002889
0.003115
0.002811
0.004134
0.002646
0.002953
0.002647
0.003691
0.002938
0.002649
0.002876
0.003228
0.002514
0.002510
0.003023
0.003025
0.003402
0.002330
0.002525
0.002989
0.002519
0.002589
0.003884
0.002885
0.003363
0.004007
0.003040
0.003048
0.002532
0.002418
0.002528
0.002727
0.003251
0.003659
0.002993
0.002934
0.003170
0.002650
0.002412
0.002698
0.003067
0.002552
0.002610
0.002523
0.002490
0.003160
0.002671
0.002462
0.002618
0.003944
0.002643
0.002712
0.003532
0.002665
0.002555
0.002965
0.003155
0.003480
0.003189
0.003195
0.002395
0.002932
0.003030
0.002732
0.002811
0.003046
0.002747
0.002499
0.003245
0.003169
0.003648
0.003256
0.002880
0.002827
0.002664
0.003100
0.003278
0.002286
0.003962
0.002609
0.002508
0.002365
0.002544
0.003606
0.005000
0.002622
0.002529
0.004601
0.004724
0.003223
0.004499
0.003322
0.003761
0.002936
0.003463
0.003479
0.004342
0.004000
0.004035
0.002455
0.002764
0.002951
0.002594
0.003556
0.002357
0.002395
0.004227
0.003050
0.003750
0.002799
0.002522
0.003884
0.003227
0.002865
0.002677
0.002513
0.003582
0.002793
0.003509
0.003029
0.003168
0.002685
0.002454
0.002572
0.002935
0.002416
0.002788
0.002955
0.002814
0.003175
0.003171
0.002490
0.003189
0.003098
0.002947
0.002770
0.003233
0.002625
0.002829
0.002583
0.003354
0.003412
0.002188
0.002964
0.002758
0.002834
0.002701
0.002978
0.002724
0.002575
0.002481
0.002894
0.002612
0.002581
0.002754
0.002953
0.003419
0.003368
0.003015
0.002363
0.003270
0.003620
0.002929
0.002681
0.002640
0.003602
0.003256
0.003056
0.002422
0.002730
0.002672
0.003323
0.002568
0.002358
0.003327
0.004506
0.002819
0.004344
0.003541
0.002660
0.002244
0.003254
0.002476
0.003532
0.003988
0.002812
0.003096
0.003157
0.003476
0.002760
0.004414
0.004871
0.003189
0.002045
0.002604
0.003416
0.002792
0.003238
0.003379
0.003102
0.002775
0.002796
0.002880
0.003288
0.002444
0.003665
0.002796
0.002699
0.002650
0.003941
0.002686
0.003029
0.002736
0.002546
0.003575
0.002881
0.002836
0.002791
0.002786
0.002697
0.002667
0.003214
0.002448
0.002274
0.002478
0.003328
0.002240
0.002858
0.002866
0.003706
0.002884
0.002222
0.002559
0.002827
0.003128
0.002581
0.002898
0.002922
0.003541
0.002847
0.002829
0.002624
0.002784
0.002612
0.003206
0.003672
0.005120
0.003215
0.002957
0.002705
0.002409
0.003485
0.002590
0.002709
0.002416
0.002507
0.002977
0.004572
0.002989
0.002947
0.002777
0.002480
0.002646
0.002802
0.002360
0.002444
0.002374
0.002440
0.004723
0.002252
0.003739
0.003209
0.004374
0.003049
0.002845
0.003433
0.003387
0.003312
0.004092
0.002825
0.002891
0.003760
0.003261
0.002977
0.002271
0.004093
0.002851
0.002620
0.002921
0.002689
0.003674
0.003342
0.002765
0.002946
0.002960
0.003301
0.002564
0.002585
0.003133
0.003421
0.003469
0.002310
0.003189
0.002507
0.002704
0.003482
0.003784
0.002702
0.002716
0.003598
0.002595
0.002467
0.003341
0.002445
0.002688
0.003172
0.002746
0.003388
0.004556
0.003532
0.002891
0.007643
0.003502
0.002916
0.002754
0.003551
0.003374
0.002882
0.003646
0.003027
0.003346
0.003186
0.002757
0.002755
0.003017
0.003558
0.002979
0.002815
0.003121
0.003397
0.003997
0.003660
0.003267
0.002758
0.002395
0.003075
0.002879
0.002905
0.003211
0.003176
0.003800
0.002808
0.002915
0.003205
0.002860
0.002502
0.003555
0.002803
0.002742
0.002568
0.002580
0.002598
0.002968
0.002297
0.002997
0.002087
0.002746
0.002520
0.002831
0.003014
0.002439
0.002753
0.002948
0.002762
0.002520
0.003539
0.002917
0.003835
0.004118
0.002974
0.002789
0.002995
0.002512
0.003446
0.002854
0.002773
0.003397
0.003441
0.002916
0.003415
0.002999
0.002547
0.002608
0.002877
0.002551
0.002696
0.003605
0.003304
0.002863
0.002648
0.003219
0.002821
0.003114
0.002387
0.001938
0.003124
0.002696
0.002543
0.002484
0.002639
0.003759
0.003782
0.002867
0.002397
0.003170
0.002279
0.003598
0.002149
0.002781
0.003829
0.002962
0.004023
0.002495
0.002510
0.002700
0.002741
0.003163
0.003723
0.002876
0.002476
0.002834
0.002929
0.002315
0.003348
0.003904
0.003076
0.003516
0.003601
0.003156
0.002766
0.002742
0.002329
0.003355
0.002625
0.003647
0.002709
0.002902
0.004088
0.002895
0.002224
0.003105
0.002422
0.002984
0.002813
0.003029
0.002919
0.002224
0.002761
0.003190
0.002715
0.002597
0.002637
0.002758
0.002366
0.002465
0.003166
0.002301
0.002879
0.002915
0.002362
0.003356
0.002382
0.002293
0.002485
0.001874
0.002091
0.002574
0.003279
0.002862
0.002498
0.002735
0.002286
0.003475
0.002395
0.002249
0.002896
0.002636
0.003246
0.003252
0.002995
0.002798
0.003431
0.003079
0.002632
0.003164
0.003021
0.003702
0.002541
0.003101
0.003009
0.002331
0.002412
0.002082
0.002590
0.003331
0.002735
0.003085
0.002535
0.003256
0.002589
0.002420
0.002403
0.002986
0.002753
0.002103
0.002831
0.002788
0.002678
0.002585
0.002410
0.002834
0.002730
0.002882
0.002448
0.002191
0.002816
0.003133
0.002694
0.003142
0.002880
0.002311
0.002881
0.002961
0.003594
0.002962
0.002463
0.002198
0.002968
0.002663
0.003038
0.002738
0.002942
0.002884
0.001863
0.002383
0.002723
0.002814
0.002349
0.002846
0.002231
0.002933
0.002947
0.002682
0.003457
0.002558
0.002928
0.002525
0.002860
0.002441
0.002836
0.002953
0.002811
0.003129
0.003606
0.002758
0.002649
0.002412
0.002675
0.002108
0.002349
0.002358
0.002618
0.002686
0.002469
0.002672
0.002791
0.002446
0.002790
0.002490
0.002962
0.002741
0.002907
0.002689
0.002984
0.002890
0.002562
0.002154
0.003617
0.002563
0.002665
0.002903
0.002994
0.002387
0.002424
0.003144
0.003134
0.002489
0.002062
0.002811
0.003264
0.002388
0.002549
0.002210
0.002965
0.002166
0.002668
0.003209
0.002598
0.002421
0.002854
0.002768
0.002753
0.002468
0.003122
0.002402
0.002817
0.002624
0.001921
0.002906
0.002561
0.002584
0.002460
0.002399
0.002611
0.003061
0.002871
0.002834
0.002910
0.002070
0.002191
0.003313
0.003060
0.002160
0.003396
0.003229
0.002947
0.002684
0.002463
0.003360
0.003799
0.003147
0.002445
0.002874
0.004026
0.002606
0.002772
0.002972
0.003235
0.002404
0.002653
0.003260
0.002631
0.002811
0.002944
0.002590
0.002837
0.002858
0.002655
0.002668
0.002919
0.002904
0.002774
0.002646
0.002926
0.002318
0.002015
0.002552
0.002516
0.003334
0.002555
0.002430
0.002745
0.002269
0.002678
0.002864
0.002499
0.002762
0.003027
0.003167
0.002752
0.002631
0.002844
0.002600
0.003581
0.002565
0.003008
0.002973
0.003248
0.003732
0.002807
0.003194
0.002333
0.003299
0.002892
0.003107
0.002773
0.002582
0.002133
0.002784
0.002805
0.002283
0.002770
0.002577
0.003300
0.003397
0.002639
0.002603
0.004175
0.003219
0.002947
0.002265
0.002858
0.002816
0.002703
0.002902
0.002951
0.002334
0.003573
0.003266
0.002724
0.002491
0.002687
0.002914
0.002256
0.002420
0.002323
0.002675
0.002232
0.002554
0.002637
0.003280
0.002258
0.003116
0.002423
0.002500
0.002238
0.003105
0.002780
0.002608
0.003370
0.002687
0.002765
0.002326
0.002512
0.002102
0.002458
0.003110
0.003513
0.002187
0.003137
0.002958
0.003317
0.002130
0.002653
0.003330
0.002661
0.003043
0.002318
0.002447
0.002818
0.002316
0.002358
0.003467
0.002275
0.002896
0.002165
0.002626
0.002434
0.002804
0.002856
0.002769
0.002915
0.002243
0.002610
0.003567
0.002451
0.002416
0.002871
0.003241
0.002658
0.002597
0.002693
0.003450
0.002537
0.002238
0.004582
0.003043
0.002434
0.002912
0.003244
0.003015
0.002737
0.002764
0.002630
0.002753
0.003131
0.002349
0.002498
0.002480
0.002389
0.003173
0.002633
0.002183
0.002153
0.002314
0.002377
0.003594
0.002916
0.002884
0.002874
0.002476
0.002555
0.003387
0.002472
0.002809
0.002452
0.002752
0.003326
0.005247
0.002800
0.003451
0.002705
0.002737
0.002556
0.002695
0.002380
0.002718
0.003064
0.003590
0.003252
0.002678
0.002940
0.002376
0.002719
0.002771
0.003244
0.003450
0.002178
0.003004
0.002718
0.002579
0.002252
0.002249
0.002267
0.003541
0.002253
0.002491
0.002267
0.002621
0.002162
0.003118
0.002882
0.002678
0.001882
0.002848
0.002934
0.002328
0.002386
0.002951
0.002912
0.003182
0.003518
0.002678
0.002996
0.003034
0.002606
0.003045
0.002314
0.002449
0.003652
0.002859
0.002143
0.003723
0.002322
0.003784
0.002705
0.003428
0.002076
0.002330
0.002316
0.003872
0.002878
0.003149
0.002180
0.002602
0.002305
0.002452
0.003166
0.002307
0.003213
0.002419
0.002484
0.002304
0.002970
0.002248
0.003145
0.002027
0.002949
0.002765
0.003871
0.002590
0.002420
0.002301
0.002894
0.002667
0.002349
0.002276
0.002427
0.003741
0.003460
0.003144
0.002642
0.002481
0.003342
0.002874
0.003741
0.002775
0.002937
0.002949
0.002697
0.002925
0.002873
0.003219
0.002197
0.003990
0.002123
0.002853
0.002950
0.003622
0.002742
0.002630
0.002398
0.002336
0.004347
0.003457
0.004359
0.003604
0.002840
0.003634
0.003488
0.003111
0.002596
0.003145
0.003160
0.002867
0.002535
0.002743
0.003166
0.002691
0.002628
0.002838
0.003613
0.002526
0.004295
0.003074
0.003221
0.002965
0.003019
0.002101
0.002624
0.002840
0.002922
0.002647
0.001882
0.002163
0.002877
0.003878
0.003986
0.002985
0.002526
0.002375
0.003623
0.002925
0.003517
0.003295
0.002263
0.002186
0.002513
0.002864
0.003140
0.002492
0.002535
0.002743
0.002303
0.002614
0.002782
0.003124
0.002331
0.002318
0.003258
0.002703
0.002571
0.003625
0.002833
0.002962
0.003264
0.002649
0.002576
0.002168
0.002320
0.002469
0.002334
0.002685
0.003191
0.002407
0.002962
0.002145
0.002463
0.002650
0.002262
0.003404
0.002480
0.003035
0.002935
0.002852
0.002464
0.002249
0.003750
0.002905
0.003014
0.002699
0.002050
0.002620
0.002902
0.003066
0.002542
0.002388
0.002647
0.002799
0.002611
0.002741
0.002572
0.003908
0.002794
0.002490
0.002691
0.002734
0.003674
0.002418
0.002704
0.002448
0.002616
0.003123
0.002438
0.002772
0.002768
0.002671
0.002258
0.003047
0.002278
0.002456
0.002094
0.002230
0.002433
0.002621
0.002458
0.002739
0.002220
0.002538
0.002411
0.002572
0.002722
0.002440
0.002417
0.002748
0.002350
0.002589
0.002265
0.002732
0.002622
0.002562
0.002516
0.002219
0.002316
0.003662
0.002705
0.002533
0.002291
0.003458
0.003311
0.002552
0.003369
0.002631
0.002124
0.002609
0.002621
0.003879
0.002091
0.002957
0.002673
0.002233
0.002501
0.002733
0.002981
0.003155
0.002292
0.002245
0.002043
0.002634
0.002610
0.002680
0.002996
0.002186
0.002259
0.002607
0.002532
0.002910
0.002959
0.003419
0.002523
0.002970
0.002321
0.002538
0.002079
0.002739
0.002792
0.002064
0.002467
0.002448
0.002357
0.003078
0.002634
0.002365
0.003163
0.002639
0.002445
0.002335
0.002656
0.002473
0.002493
0.002482
0.002427
0.003107
0.003130
0.002389
0.002724
0.002873
0.003143
0.002571
0.002573
0.002601
0.002986
0.002311
0.004195
0.002605
0.003062
0.003353
0.001954
0.002860
0.002774
0.002786
0.003229
0.002812
0.002808
0.002855
0.003245
0.002747
0.002726
0.002396
0.003911
0.002765
0.002182
0.002784
0.002773
0.002916
0.002441
0.002229
0.002776
0.003884
0.002807
0.002171
0.002644
0.002954
0.002885
0.002415
0.002691
0.002430
0.002679
0.002410
0.002246
0.002602
0.002428
0.003469
0.002988
0.002499
0.002439
0.003076
0.002834
0.002008
0.003111
0.002339
0.002768
0.002248
0.003008
0.002710
0.002785
0.002135
0.002994
0.002175
0.002523
0.002482
0.002217
0.002960
0.002863
0.002406
0.003197
0.002176
0.003165
0.002446
0.002760
0.002147
0.003295
0.001858
0.003131
0.002935
0.003456
0.004109
0.002656
0.002868
0.002118
0.002411
0.002625
0.003012
0.004254
0.002737
0.002740
0.002826
0.002758
0.002020
0.002153
0.003342
0.002667
0.002515
0.002268
0.002578
0.002420
0.003333
0.003129
0.002384
0.002567
0.003036
0.003251
0.003058
0.002572
0.002822
0.002634
0.002051
0.003070
0.003709
0.002612
0.003665
0.002638
0.003581
0.002434
0.002871
0.002381
0.002929
0.003041
0.003628
0.002472
0.002570
0.002281
0.002320
0.002734
0.003276
0.002702
0.003265
0.002684
0.002612
0.002327
0.002513
0.002489
0.002550
0.002701
0.004609
0.002243
0.003572
0.002578
0.002999
0.002233
0.003499
0.002167
0.003058
0.002395
0.002477
0.002651
0.002776
0.002246
0.002918
0.002867
0.002997
0.002667
0.002283
0.002628
0.002436
0.002419
0.003364
0.002727
0.002252
0.002711
0.002451
0.003162
0.003517
0.002335
0.002523
0.002756
0.002659
0.002159
0.002494
0.002185
0.002425
0.002374
0.002323
0.003179
0.002500
0.004005
0.002507
0.002451
0.002930
0.002964
0.003473
0.003228
0.003276
0.002337
0.002974
0.003191
0.003915
0.002727
0.003379
0.003627
0.002888
0.003073
0.002484
0.003255
0.003310
0.002202
0.002812
0.002801
0.002885
0.002792
0.002787
0.002279
0.002380
0.002363
0.002799
0.003186
0.002809
0.003057
0.004015
0.003217
0.002947
0.003059
0.003937
0.002931
0.002736
0.002665
0.002222
0.002813
0.003004
0.003204
0.002663
0.002783
0.003093
0.002451
0.004319
0.002612
0.003217
0.002696
0.003074
0.002607
0.002462
0.002597
0.002447
0.002973
0.004710
0.002836
0.002703
0.003930
0.002270
0.003095
0.002779
0.002423
0.003063
0.002603
0.002314
0.002607
0.002419
0.002330
0.002310
0.002284
0.002885
0.002449
0.003164
0.003358
0.003064
0.003057
0.003498
0.002354
0.002665
0.002474
0.002871
0.002693
0.002356
0.002533
0.002441
0.002754
0.002136
0.003660
0.002767
0.003132
0.002285
0.002308
0.002651
0.002570
0.002144
0.002636
0.002958
0.003169
0.003003
0.002987
0.002995
0.002578
0.002777
0.003134
0.002532
0.002814
0.003501
0.004027
0.002953
0.003039
0.002440
0.002846
0.002690
0.002553
0.003786
0.002828
0.002994
0.004009
0.002727
0.002600
0.002162
0.002625
0.002809
0.003105
0.002965
0.004394
0.002651
0.002580
0.002883
0.003164
0.002823
0.002421
0.002119
0.002487
0.002410
0.002434
0.002202
0.002031
0.002569
0.003560
0.003132
0.003043
0.002363
0.002819
0.002741
0.002367
0.002423
0.003611
0.002599
0.002747
0.002488
0.002607
0.002726
0.002034
0.002625
0.002006
0.002374
0.002730
0.002924
0.002379
0.003051
0.002287
0.002387
0.002408
0.002049
0.002699
0.002436
0.002965
0.002998
0.002025
0.002563
0.002466
0.002309
0.002264
0.002614
0.002615
0.002658
0.002306
0.002409
0.002877
0.002372
0.003092
0.002929
0.002201
0.002440
0.002638
0.002400
0.002238
0.003069
0.002618
0.002551
0.002408
0.002452
0.002956
0.002904
0.002761
0.002789
0.002233
0.002203
0.002570
0.002705
0.002393
0.002719
0.002122
0.002518
0.002352
0.002411
0.002233
0.003403
0.002979
0.002337
0.002622
0.002996
0.002583
0.002204
0.002670
0.002434
0.002239
0.002605
0.002605
0.002799
0.002923
0.002369
0.002638
0.002395
0.002269
0.002278
0.002250
0.002842
0.002565
0.002955
0.002997
0.001940
0.002890
0.002783
0.003675
0.002290
0.002318
0.002728
0.002464
0.002237
0.002825
0.002648
0.002315
0.003577
0.002301
0.002538
0.003109
0.002773
0.003776
0.002194
0.003083
0.002145
0.002390
0.002497
0.002251
0.003156
0.002568
0.002792
0.002977
0.003149
0.002085
0.002075
0.002441
0.002326
0.002415
0.002593
0.002680
0.002689
0.003203
0.002141
0.002682
0.002230
0.002587
0.002615
0.002125
0.002391
0.002732
0.002612
0.002899
0.002785
0.002442
0.002792
0.002557
0.002591
0.002423
0.002663
0.003304
0.002533
0.002166
0.002945
0.002273
0.002773
0.002297
0.002738
0.002063
0.002927
0.002519
0.002120
0.002263
0.002625
0.002643
0.001831
0.002490
0.002326
0.002699
0.002944
0.002815
0.002450
0.002316
0.002722
0.002422
0.002512
0.002827
0.002443
0.002486
0.002533
0.002266
0.002118
0.002916
0.003719
0.003421
0.003053
0.002172
0.002562
0.002729
0.001980
0.002774
0.002996
0.002652
0.003321
0.002849
0.002028
0.002206
0.002517
0.003067
0.002151
0.002578
0.002517
0.002667
0.002272
0.002675
0.001973
0.003190
0.002234
0.002448
0.002066
0.003057
0.002326
0.002555
0.002750
0.002422
0.003022
0.002440
0.002786
0.002207
0.002335
0.002693
0.002568
0.002098
0.002220
0.002598
0.002596
0.002284
0.002556
0.002159
0.002250
0.002783
0.002675
0.002317
0.002736
0.002343
0.002248
0.002346
0.002441
0.002093
0.002874
0.002239
0.002834
0.002629
0.002732
0.002536
0.002352
0.003145
0.002328
0.002505
0.002936
0.002870
0.002577
0.002860
0.002575
0.002946
0.002293
0.002928
0.002673
0.002447
0.002073
0.002110
0.002717
0.002408
0.002659
0.002268
0.002566
0.002689
0.002092
0.002705
0.002139
0.002247
0.002493
0.002615
0.003476
0.002282
0.001955
0.002249
0.002460
0.002198
0.002002
0.002269
0.002833
0.002546
0.002783
0.002535
0.003215
0.003103
0.002261
0.002289
0.002244
0.002348
0.002464
0.003043
0.002585
0.002839
0.002129
0.002133
0.003169
0.002002
0.002312
0.002946
0.003106
0.002119
0.003051
0.001751
0.002650
0.003084
0.002717
0.003350
0.003538
0.002416
0.002696
0.002319
0.002081
0.002496
0.002650
0.002409
0.002087
0.002055
0.002180
0.002523
0.002576
0.002481
0.001980
0.003200
0.002498
0.002386
0.003880
0.003433
0.002117
0.002793
0.003459
0.002424
0.002278
0.002168
0.002568
0.002946
0.002779
0.002567
0.002403
0.002571
0.002131
0.002205
0.002538
0.002353
0.002455
0.002536
0.002247
0.002659
0.003945
0.001982
0.002460
0.002436
0.002392
0.002719
0.002238
0.003180
0.002406
0.002675
0.002461
0.002450
0.003104
0.002736
0.003453
0.002706
0.004021
0.003895
0.002413
0.002583
0.002641
0.002010
0.002453
0.002302
0.002421
0.002800
0.002999
0.002554
0.002314
0.002639
0.002415
0.002982
0.002454
0.002315
0.002406
0.003253
0.002397
0.002238
0.002435
0.002322
0.002019
0.002612
0.002806
0.002322
0.002120
0.002411
0.002373
0.001977
0.002033
0.002393
0.002368
0.003657
0.002283
0.002264
0.002339
0.002636
0.002178
0.002174
0.002101
0.002261
0.002126
0.002962
0.002472
0.002704
0.002898
0.002605
0.002475
0.002169
0.002614
0.002569
0.002625
0.002248
0.002242
0.002652
0.002250
0.002116
0.002445
0.002627
0.002236
0.002805
0.002434
0.002003
0.002335
0.003287
0.002518
0.002876
0.002668
0.002527
0.002394
0.003493
0.002593
0.002235
0.002481
0.002350
0.002306
0.002080
0.002912
0.002432
0.002269
0.002850
0.002237
0.002464
0.002641
0.002926
0.003496
0.002176
0.002387
0.002020
0.002887
0.002202
0.002969
0.003342
0.002870
0.003150
0.002269
0.002595
0.002286
0.002588
0.002895
0.002381
0.001995
0.003457
0.003179
0.001960
0.002296
0.002218
0.001934
0.002577
0.002556
0.002646
0.002639
0.002712
0.002203
0.001938
0.002495
0.002269
0.003403
0.002408
0.002418
0.002310
0.002150
0.002264
0.002627
0.001937
0.003020
0.002755
0.003212
0.001746
0.002987
0.003168
0.002172
0.002449
0.002839
0.002323
0.002268
0.002193
0.002441
0.002902
0.003244
0.002588
0.002608
0.003159
0.003343
0.002085
0.002694
0.002666
0.002542
0.002963
0.002451
0.003284
0.004308
0.002410
0.003208
0.002884
0.003240
0.002898
0.001894
0.002935
0.002625
0.002686
0.002933
0.002527
0.002308
0.002442
0.002746
0.002201
0.002303
0.002278
0.002599
0.002143
0.002269
0.002728
0.002276
0.003659
0.002457
0.002589
0.002458
0.002816
0.001966
0.002333
0.002331
0.001872
0.003737
0.002766
0.003035
0.002323
0.002517
0.002710
0.002394
0.002759
0.002528
0.002314
0.002188
0.003176
0.002626
0.002574
0.003265
0.002753
0.002457
0.002790
0.002327
0.003184
0.002645
0.002769
0.002303
0.002762
0.002067
0.002394
0.002893
0.002109
0.002774
0.002914
0.002435
0.002553
0.002088
0.002684
0.002953
0.002279
0.002554
0.002680
0.002778
0.002560
0.002386
0.002976
0.002499
0.002719
0.002812
0.002400
0.002360
0.002143
0.002861
0.002208
0.002419
0.002537
0.002764
0.002284
0.003266
0.002316
0.002219
0.002504
0.002381
0.002622
0.002757
0.002799
0.002530
0.002303
0.002301
0.002801
0.002721
0.002201
0.002615
0.002286
0.003424
0.002442
0.002723
0.003323
0.003478
0.002117
0.002145
0.002323
0.003477
0.002728
0.003241
0.002879
0.002583
0.002327
0.002061
0.003064
0.002952
0.002560
0.002671
0.003304
0.002306
0.002306
0.002034
0.002630
0.002086
0.003171
0.002221
0.002769
0.002847
0.002276
0.002549
0.002953
0.002001
0.002012
0.002386
0.002209
0.002713
0.002805
0.001911
0.002526
0.003006
0.002476
0.002497
0.002507
0.002926
0.002586
0.002020
0.002580
0.002554
0.003568
0.002638
0.002441
0.002405
0.003665
0.002360
0.002719
0.002811
0.001995
0.002738
0.002561
0.002276
0.002336
0.002214
0.002498
0.003355
0.002268
0.002615
0.002448
0.002453
0.002836
0.002363
0.002768
0.003195
0.002319
0.002601
0.002425
0.002510
0.002965
0.002702
0.002812
0.002844
0.002836
0.002575
0.002506
0.002585
0.002219
0.002160
0.002483
0.002793
0.002429
0.002586
0.002423
0.002481
0.002372
0.002684
0.002522
0.002095
0.002451
0.002469
0.002676
0.002021
0.002723
0.002615
0.002162
0.003017
0.002598
0.003258
0.002870
0.002443
0.002467
0.002310
0.003431
0.002437
0.002047
0.002180
0.002228
0.002350
0.002381
0.002191
0.002504
0.002670
0.002224
0.003238
0.002410
0.003289
0.003017
0.002353
0.002635
0.002420
0.002081
0.002384
0.002422
0.002649
0.003016
0.002187
0.002457
0.002167
0.003001
0.002414
0.002477
0.002677
0.003161
0.003347
0.002716
0.002746
0.002465
0.002663
0.001853
0.002693
0.002690
0.002349
0.003131
0.002230
0.002673
0.002952
0.002421
0.002175
0.002556
0.002701
0.002957
0.002511
0.002994
0.002627
0.002995
0.003543
0.002391
0.002870
0.002592
0.002218
0.002845
0.002380
0.002972
0.003117
0.002028
0.002739
0.002863
0.002339
0.002342
0.002335
0.002005
0.002736
0.002394
0.003157
