1.081801
0.899382
0.598845
0.437334
0.349883
0.203383
0.187699
0.180345
0.144326
0.097492
0.133606
0.180224
0.173822
0.163150
0.131488
0.100139
0.146894
0.127769
0.061719
0.056305
0.088327
0.069172
0.095836
0.062200
0.050330
0.044165
0.081862
0.057685
0.034967
0.036084
0.123851
0.033493
0.073358
0.112958
0.041526
0.054996
0.075925
0.046881
0.039903
0.087436
0.073648
0.055773
0.038282
0.037701
0.126613
0.031390
0.040858
0.064555
0.110742
0.031481
0.026561
0.045258
0.031747
0.033594
0.039726
0.087345
0.136553
0.029623
0.042126
0.059252
0.068868
0.069019
0.054689
0.082263
0.029623
0.064446
0.033153
0.078059
0.071021
0.026948
0.046618
0.079222
0.094504
0.074106
0.075847
0.022639
0.034553
0.025954
0.033533
0.034448
0.046979
0.031177
0.024573
0.033192
0.050691
0.026182
0.110333
0.017895
0.038533
0.032555
0.022220
0.067707
0.023070
0.026959
0.064485
0.016302
0.032484
0.039989
0.029513
0.029447
0.020621
0.021304
0.029150
0.036846
0.034891
0.017529
0.027416
0.019191
0.027236
0.096340
0.055867
0.066970
0.037675
0.023206
0.032803
0.031836
0.076255
0.039100
0.021793
0.021827
0.042963
0.039657
0.025333
0.025223
0.015274
0.063447
0.016561
0.015127
0.014723
0.016397
0.016939
0.038166
0.073311
0.049130
0.070358
0.024609
0.018960
0.032135
0.052896
0.024163
0.019625
0.017094
0.038508
0.016734
0.024057
0.044266
0.022043
0.037664
0.020900
0.036792
0.030232
0.021308
0.022906
0.022621
0.056389
0.021669
0.022688
0.023230
0.029086
0.027899
0.024398
0.025098
0.018181
0.030548
0.051119
0.039000
0.021134
0.044204
0.030297
0.036867
0.017207
0.019402
0.027948
0.026705
0.028634
0.019614
0.015570
0.017467
0.014159
0.020462
0.027176
0.025654
0.094025
0.015589
0.044544
0.020573
0.036831
0.023021
0.020399
0.023316
0.017772
0.063888
0.045409
0.032479
0.022014
0.023574
0.023871
0.059024
0.024458
0.052783
0.019620
0.035385
0.098563
0.020406
0.014740
0.019661
0.014871
0.031317
0.065730
0.024057
0.074883
0.035672
0.024266
0.013836
0.062079
0.052052
0.081826
0.027565
0.019405
0.024079
0.062010
0.055190
0.022381
0.060524
0.024145
0.025425
0.089263
0.053558
0.028024
0.032800
0.038915
0.046232
0.019661
0.014030
0.046242
0.030347
0.044332
0.024897
0.049605
0.016827
0.033343
0.057457
0.016931
0.034258
0.021127
0.043962
0.033298
0.030980
0.030479
0.049750
0.023282
0.030991
0.026489
0.048369
0.019437
0.014132
0.026517
0.015694
0.018137
0.042249
0.017100
0.051625
0.028271
0.040438
0.026730
0.014266
0.025909
0.016600
0.012917
0.036115
0.019806
0.011881
0.019327
0.028762
0.016320
0.024092
0.021748
0.042967
0.018719
0.045613
0.045150
0.018046
0.024071
0.030109
0.014230
0.023166
0.011838
0.018926
0.031872
0.017466
0.023709
0.025421
0.015232
0.015812
0.024335
0.020948
0.028542
0.023269
0.017032
0.036423
0.050999
0.011114
0.016252
0.015371
0.015915
0.031451
0.015995
0.019505
0.022782
0.039353
0.019640
0.025334
0.012905
0.038055
0.019485
0.021415
0.016935
0.027192
0.025938
0.010849
0.016089
0.015882
0.012773
0.030214
0.021572
0.014450
0.027736
0.018135
0.021433
0.012453
0.017072
0.018835
0.026978
0.022940
0.015838
0.018597
0.022807
0.028532
0.019499
0.012447
0.014233
0.016240
0.014989
0.015225
0.021040
0.025486
0.013648
0.012474
0.017889
0.018371
0.029481
0.012811
0.017307
0.019613
0.022054
0.054593
0.053815
0.017058
0.036745
0.017314
0.012034
0.012653
0.015321
0.013032
0.015854
0.027041
0.044594
0.030416
0.017583
0.041066
0.043560
0.019194
0.011622
0.026807
0.034277
0.015196
0.014170
0.014789
0.014965
0.024452
0.044629
0.041340
0.014205
0.011141
0.024900
0.031046
0.037154
0.015270
0.012744
0.015899
0.023124
0.017168
0.019787
0.014981
0.013470
0.015440
0.013760
0.092828
0.015754
0.013218
0.030637
0.042962
0.023986
0.021767
0.015300
0.015906
0.014779
0.013339
0.024138
0.075212
0.011376
0.025266
0.020339
0.021183
0.015313
0.020610
0.026289
0.015280
0.013572
0.015369
0.013797
0.015365
0.012782
0.030613
0.022809
0.017568
0.020220
0.014111
0.029358
0.010712
0.014798
0.016285
0.016613
0.046468
0.010602
0.038476
0.011737
0.008895
0.015756
0.017539
0.014919
0.017198
0.012648
0.014674
0.051734
0.014891
0.011375
0.010135
0.017191
0.050474
0.017413
0.019984
0.015913
0.017495
0.020102
0.011283
0.014067
0.013312
0.011313
0.016204
0.016724
0.013459
0.012847
0.020008
0.017387
0.016434
0.014882
0.018030
0.025331
0.012974
0.021695
0.009927
0.035490
0.010167
0.018846
0.041361
0.020693
0.011936
0.016622
0.030262
0.015891
0.018112
0.013010
0.016863
0.022950
0.015923
0.013756
0.018306
0.017089
0.011735
0.013035
0.059305
0.012487
0.013693
0.011476
0.058375
0.016821
0.021893
0.021096
0.010193
0.010457
0.010910
0.017770
0.039503
0.019555
0.016930
0.013399
0.015181
0.010873
0.013086
0.013793
0.009850
0.012846
0.010664
0.013719
0.019158
0.043101
0.010593
0.010609
0.014261
0.018345
0.017941
0.012637
0.009874
0.024712
0.013637
0.028530
0.048263
0.011913
0.014421
0.015325
0.022637
0.022162
0.010703
0.037821
0.018887
0.012868
0.012174
0.011427
0.013709
0.014959
0.020120
0.042109
0.043639
0.014768
0.037480
0.031221
0.023137
0.033804
0.016607
0.015629
0.011017
0.018088
0.018063
0.043040
0.016199
0.040585
0.014576
0.013506
0.012887
0.020850
0.017296
0.011074
0.020199
0.014356
0.017189
0.028728
0.013044
0.009515
0.025963
0.015275
0.017711
0.010105
0.014686
0.017037
0.008193
0.018684
0.008127
0.026470
0.024897
0.012241
0.010899
0.011494
0.011692
0.008083
0.013407
0.022216
0.010212
0.016087
0.014472
0.014944
0.009950
0.020824
0.012414
0.011027
0.010034
0.012444
0.013580
0.019895
0.019534
0.013442
0.014457
0.015768
0.024828
0.013622
0.014890
0.012509
0.025612
0.014963
0.017416
0.012736
0.013658
0.012273
0.011723
0.014289
0.014339
0.012603
0.011931
0.012773
0.016730
0.016472
0.012759
0.013370
0.044973
0.013046
0.009211
0.011253
0.011920
0.009862
0.015680
0.014150
0.011478
0.013947
0.015285
0.011578
0.010319
0.018981
0.018996
0.012896
0.010926
