1.072227
0.842547
0.627413
0.431283
0.308651
0.262575
0.179763
0.131810
0.106388
0.167756
0.131276
0.108296
0.162510
0.124797
0.103566
0.122898
0.103179
0.093101
0.068495
0.090596
0.067366
0.076943
0.075091
0.064424
0.071035
0.076297
0.059824
0.041849
0.047137
0.062079
0.065619
0.063275
0.039439
0.068217
0.032687
0.041974
0.073073
0.045285
0.042026
0.060780
0.059948
0.031353
0.033131
0.044207
0.039510
0.041572
0.039334
0.036205
0.033397
0.038461
0.041343
0.037061
0.033095
0.037160
0.044745
0.031785
0.035323
0.036311
0.025764
0.043220
0.037201
0.030640
0.045210
0.047707
0.030416
0.026207
0.040910
0.060081
0.034494
0.046272
0.046849
0.028772
0.039865
0.042906
0.034968
0.057674
0.034769
0.037603
0.028797
0.053697
0.035570
0.049241
0.057631
0.025030
0.077799
0.027987
0.035326
0.024139
0.028530
0.056054
0.038740
0.038807
0.031135
0.054677
0.047457
0.023824
0.023181
0.033952
0.037347
0.041090
0.034584
0.039727
0.022704
0.029988
0.033496
0.023758
0.034907
0.027361
0.021863
0.025224
0.028438
0.034293
0.033891
0.034915
0.030801
0.025038
0.022087
0.025624
0.032005
0.030262
0.025553
0.034685
0.026481
0.036978
0.030031
0.034390
0.036569
0.046868
0.030568
0.032395
0.025186
0.032194
0.034064
0.022969
0.035818
0.028787
0.050582
0.034192
0.019321
0.036805
0.021972
0.025273
0.018159
0.018067
0.029739
0.028091
0.041545
0.035518
0.023635
0.029536
0.022138
0.024212
0.016054
0.028743
0.023000
0.017647
0.018944
0.031504
0.019490
0.032091
0.023131
0.042579
0.018901
0.018675
0.027405
0.020607
0.024837
0.016714
0.019108
0.019348
0.017587
0.024319
0.015271
0.025793
0.022121
0.022628
0.021037
0.018196
0.020296
0.016378
0.018156
0.034671
0.029848
0.027073
0.015590
0.019525
0.016295
0.015446
0.016934
0.016521
0.023229
0.032965
0.023170
0.020640
0.018769
0.020743
0.016826
0.030253
0.031275
0.022162
0.023617
0.031076
0.032291
0.026490
0.018962
0.034438
0.028439
0.031977
0.017055
0.021669
0.015348
0.015494
0.015594
0.012501
0.017925
0.020164
0.024214
0.019691
0.030337
0.025099
0.031567
0.018593
0.017658
0.030857
0.015371
0.047483
0.016382
0.018653
0.034744
0.017795
0.028560
0.022172
0.035545
0.028629
0.018562
0.015410
0.020401
0.015528
0.021959
0.018304
0.024229
0.025774
0.016507
0.033404
0.023364
0.014980
0.020027
0.031485
0.019058
0.022397
0.014846
0.021848
0.016845
0.017333
0.034181
0.014736
0.017472
0.015406
0.017126
0.023006
0.019173
0.011954
0.017376
0.017506
0.012932
0.018707
0.021178
0.024866
0.025067
0.019886
0.018434
0.027552
0.013936
0.012506
0.031442
0.018038
0.016583
0.019763
0.026728
0.013249
0.022170
0.016277
0.013391
0.013103
0.030182
0.015081
0.012570
0.016309
0.013469
0.022521
0.022728
0.019120
0.012360
0.017399
0.018259
0.020798
0.011342
0.014190
0.022083
0.014874
0.018085
0.026892
0.032889
0.013096
0.018182
0.012625
0.028842
0.013126
0.023944
0.019801
0.015279
0.022463
0.028254
0.017511
0.019890
0.015125
0.023862
0.025628
0.014326
0.011041
0.016841
0.027529
0.013127
0.011136
0.017394
0.014741
0.016448
0.015398
0.019334
0.011347
0.015422
0.018502
0.010993
0.019303
0.014911
0.012412
0.013618
0.014738
0.020770
0.012812
0.011647
0.012133
0.010702
0.021941
0.014919
0.019609
0.011273
0.027655
0.029880
0.023097
0.026056
0.016832
0.018125
0.024967
0.010234
0.019317
0.014301
0.012582
0.013759
0.012059
0.019072
0.030088
0.020774
0.012807
0.016614
0.014360
0.016100
0.011736
0.013343
0.014349
0.011405
0.014348
0.015278
0.020560
0.017603
0.019827
0.020007
0.018697
0.011406
0.010304
0.015394
0.015867
0.014468
0.018770
0.018763
0.011541
0.015482
0.015317
0.018207
0.014268
0.016993
0.018442
0.015736
0.012137
0.018299
0.012261
0.012277
0.011153
0.025151
0.013267
0.011606
0.012555
0.010598
0.011332
0.013928
0.021729
0.010397
0.010919
0.016619
0.015809
0.010415
0.017916
0.014190
0.013215
0.018718
0.019262
0.023063
0.015532
0.012997
0.020362
0.014783
0.016351
0.010573
0.011561
0.012560
0.013548
0.019872
0.010273
0.011247
0.011616
0.012419
0.022378
0.009310
0.012795
0.015629
0.013857
0.011507
0.025661
0.012110
0.023726
0.010755
0.014465
0.019476
0.015488
0.009439
0.019033
0.014889
0.010542
0.015832
0.016752
0.009980
0.014306
0.011085
0.014768
0.016007
0.013064
0.012745
0.018960
0.012665
0.010136
0.011088
0.010327
0.010618
0.009154
0.009005
0.011511
0.010611
0.018790
0.016327
0.020774
0.017310
0.016263
0.013855
0.011164
0.010593
0.012870
0.015523
0.013720
0.009671
0.014427
0.012420
0.009843
0.009241
0.012044
0.011638
0.008832
0.012309
0.009679
0.011329
0.010913
0.008421
0.011405
0.011620
0.009027
0.012268
0.011686
0.011331
0.013397
0.013367
0.015032
0.013939
0.012927
0.009241
0.011313
0.012740
0.008964
0.013475
0.010775
0.009423
0.010133
0.009512
0.010750
0.011614
0.008224
0.013530
0.011821
0.019148
0.009552
0.008374
0.012611
0.013205
0.014246
0.011945
0.010956
0.009731
0.019649
0.008881
0.009417
0.010358
0.009490
0.013358
0.009445
0.013549
0.009055
0.015078
0.024727
0.010027
0.010729
0.011664
0.007578
0.018001
0.008884
0.010678
0.011211
0.009794
0.012624
0.015829
0.014747
0.010146
0.013544
0.008365
0.013258
0.012274
0.009382
0.012524
0.023087
0.021383
0.012907
0.018671
0.012844
0.011428
0.016902
0.009735
0.011781
0.011915
0.010172
0.009240
0.009974
0.014190
0.016450
0.009942
0.014891
0.009312
0.011619
0.009557
0.009198
0.011788
0.010286
0.016208
0.012725
0.014868
0.015312
0.009076
0.010967
0.010913
0.008435
0.011820
0.015335
0.017875
0.009558
0.009632
0.008675
0.009163
0.010124
0.017657
0.015657
0.008921
0.017326
0.016437
0.014226
0.010375
0.010268
0.018862
0.009064
0.008948
0.017294
0.013046
0.011575
0.009210
0.008949
0.009862
0.013995
0.009092
0.014756
0.009491
0.011760
0.007596
0.010787
0.008571
0.008955
0.015335
0.008127
0.008036
0.019430
0.009954
0.009757
0.017672
0.020745
0.013206
0.010452
0.016432
0.014509
0.011521
0.008338
0.010911
0.010088
0.011819
0.007660
0.011399
0.014318
0.012035
0.010930
0.009146
0.013688
0.010581
0.013821
0.011485
0.008736
0.011698
0.009546
0.008769
0.009701
0.008213
0.013872
0.007584
0.009913
0.008729
0.008428
0.011544
0.008279
0.008197
0.008536
0.010162
0.010523
0.007739
0.010635
0.011749
0.015544
0.013090
0.010710
0.006751
0.006977
0.011106
0.014226
0.008609
0.007623
0.009260
0.009155
0.009476
0.015957
0.008281
0.012262
0.012121
0.016050
0.012138
0.007375
0.010800
0.009046
0.008161
0.007003
0.018306
0.008045
0.010132
0.009021
0.008216
0.007984
0.013954
0.017463
0.010392
0.009497
0.011430
0.007426
0.010580
0.010082
0.007942
0.010752
0.013727
0.008149
0.014342
0.011704
0.012956
0.007711
0.008214
0.008693
0.008525
0.009404
0.014060
0.007813
0.007877
0.007183
0.018839
0.011334
0.008597
0.012520
0.011384
0.017721
0.007432
0.008363
0.009905
0.009768
0.010072
0.008148
0.010219
0.008851
0.008212
0.020604
0.008245
0.010624
0.009769
0.012655
0.015155
0.010436
0.009778
0.019967
0.014256
0.011514
0.015082
0.007723
0.011662
0.010147
0.009727
0.021118
0.017295
0.017094
0.008931
0.015931
0.015647
0.008564
0.010031
0.008941
0.009832
0.011536
0.006930
0.011901
0.008340
0.007917
0.011082
0.010323
0.011693
0.008891
0.009414
0.007938
0.013598
0.011412
0.018461
0.011629
0.010689
0.015320
0.008468
0.011554
0.009808
0.008669
0.008566
0.011165
0.016001
0.012952
0.007511
0.010259
0.011712
0.008501
0.011103
0.009715
0.008667
0.008524
0.007944
0.010429
0.018072
0.008712
0.008339
0.009693
0.007769
0.017467
0.008812
0.008036
0.009493
0.009900
0.014737
0.007382
0.008647
0.007203
0.008576
0.010874
0.012493
0.007829
0.008308
0.008696
0.008892
0.014080
0.009802
0.009002
0.012179
0.007294
0.008353
0.008477
0.007884
0.013430
0.009663
0.006261
0.008567
0.011375
0.011645
0.009164
0.009165
0.007450
