1.022124
1.028175
0.540975
0.459865
0.264616
0.231048
0.161020
0.196765
0.195775
0.107219
0.153294
0.205052
0.100721
0.236439
0.180827
0.101764
0.085169
0.147754
0.047700
0.044244
0.162880
0.054822
0.137671
0.112058
0.074139
0.073016
0.056250
0.047340
0.061987
0.138296
0.053689
0.029726
0.079905
0.029453
0.046867
0.124303
0.031475
0.041501
0.045337
0.104405
0.037913
0.067281
0.032282
0.103431
0.138590
0.026499
0.028832
0.024455
0.155792
0.167034
0.022267
0.046825
0.076901
0.053239
0.028022
0.027361
0.026142
0.025976
0.026242
0.073058
0.034059
0.074171
0.019808
0.060187
0.021788
0.099515
0.025445
0.026480
0.073272
0.044998
0.035624
0.021427
0.022082
0.037364
0.062225
0.078649
0.025637
0.030165
0.044834
0.194498
0.030561
0.134902
0.025417
0.023454
0.035582
0.080115
0.087513
0.029273
0.036551
0.020375
0.035802
0.113870
0.035416
0.108765
0.128627
0.073048
0.034136
0.095248
0.024858
0.022104
0.028111
0.028396
0.220976
0.022830
0.034551
0.047857
0.019566
0.016848
0.016497
0.015775
0.020423
0.015735
0.017698
0.039843
0.061063
0.015394
0.021228
0.042562
0.014924
0.021997
0.023887
0.031058
0.080208
0.021862
0.017421
0.027823
0.065225
0.028596
0.059157
0.055926
0.101366
0.030586
0.124155
0.022223
0.020086
0.118429
0.028160
0.019805
0.022564
0.051791
0.016802
0.015332
0.022293
0.078104
0.023840
0.026003
0.025261
0.026811
0.024059
0.112101
0.019856
0.023359
0.013217
0.025332
0.038030
0.026281
0.037407
0.043416
0.045726
0.034837
0.037335
0.017785
0.018899
0.044958
0.028684
0.018187
0.019071
0.047573
0.013519
0.022049
0.048827
0.021520
0.012223
0.033218
0.016503
0.116385
0.015139
0.023768
0.012041
0.014204
0.031163
0.014071
0.038863
0.032064
0.040874
0.047740
0.031921
0.071231
0.016804
0.027514
0.108994
0.055829
0.016410
0.026625
0.022619
0.033692
0.014097
0.019268
0.014946
0.073902
0.098947
0.031340
0.019899
0.024128
0.076823
0.013630
0.014210
0.021817
0.023637
0.084140
0.057294
0.022013
0.016517
0.014505
0.029253
0.023435
0.012929
0.012383
0.056119
0.026292
0.037890
0.033644
0.022799
0.015428
0.029558
0.040499
0.053464
0.024441
0.015068
0.019632
0.017759
0.019097
0.018717
0.103482
0.041014
0.016655
0.014001
0.016808
0.021864
0.016080
0.026941
0.009944
0.029862
0.010173
0.019552
0.031359
0.027972
0.122626
0.163381
0.045895
0.015774
0.014397
0.031991
0.028028
0.014716
0.021253
0.024662
0.033044
0.076429
0.072653
0.033695
0.028843
0.017248
0.076056
0.020454
0.034715
0.010598
0.078336
0.043060
0.020394
0.050166
0.030303
0.024439
0.014845
0.017965
0.016299
0.015248
0.029963
0.050420
0.015084
0.025782
0.012921
0.012832
0.019529
0.033832
0.067003
0.014897
0.027925
0.011884
0.086157
0.013125
0.009903
0.013513
0.024475
0.012771
0.031286
0.030274
0.021533
0.012425
0.019354
0.016067
0.081048
0.012395
0.015391
0.078229
0.076637
0.097348
0.097804
0.021371
0.020883
0.043567
0.013587
0.028197
0.015665
0.028916
0.023918
0.020374
0.113482
0.024613
0.013831
0.017335
0.019707
0.038214
0.014208
0.020445
0.021196
0.016816
0.039667
0.022421
0.013313
0.014801
0.046003
0.011099
0.024833
0.038839
0.035830
0.018712
0.021120
0.013725
0.021682
0.024892
0.014543
0.034296
0.010834
0.013589
0.013881
0.015417
0.019848
0.014029
0.022865
0.022911
0.091142
0.016226
0.019536
0.014008
0.010688
0.012714
0.011671
0.032439
0.017766
0.024373
0.018178
0.014222
0.036680
0.015941
0.012354
0.011860
0.105245
0.056035
0.048002
0.021879
0.019698
0.034973
0.039587
0.014121
0.091290
0.017846
0.024433
0.015791
0.013389
0.065849
0.044799
0.020215
0.013311
0.012146
0.023151
0.027635
0.018451
0.025508
0.019113
0.012824
0.008924
0.020057
0.028528
0.012815
0.014538
0.016291
0.013260
0.030821
0.019274
0.018120
0.012573
0.015951
0.015459
0.010161
0.017205
0.009119
0.017825
0.010994
0.011959
0.076387
0.021470
0.029625
0.032674
0.030043
0.017867
0.028433
0.025863
0.053659
0.017820
0.026149
0.013540
0.049623
0.029868
0.013218
0.014866
0.023543
0.014517
0.036650
0.015769
0.010678
0.015549
0.012947
0.010565
0.014348
0.013069
0.028134
0.072392
0.012476
0.009103
0.073519
0.017238
0.010023
0.055894
0.011265
0.044805
0.009889
0.011026
0.016097
0.027348
0.016856
0.105287
0.044906
0.014446
0.014971
0.027151
0.010132
0.027667
0.043638
0.017479
0.015935
0.068024
0.015465
0.019896
0.062830
0.060758
0.018874
0.014960
0.014678
0.051168
0.015898
0.011370
0.021812
0.007660
0.013344
0.025764
0.015863
0.083628
0.058552
0.008324
0.021983
0.024442
0.016295
0.007886
0.015868
0.010440
0.011333
0.016897
0.020188
0.039481
0.013984
0.027695
0.016086
0.065234
0.020562
0.016515
0.015058
0.009629
0.010641
0.010351
0.011215
0.027821
0.015802
0.008714
0.014099
0.010744
0.010444
0.013519
0.020091
0.011401
0.064453
0.020458
0.038315
0.016521
0.011894
0.014859
0.013360
0.014547
0.009516
0.014188
0.008987
0.013773
0.010204
0.010040
0.008636
0.019742
0.013046
0.012493
0.009122
0.013093
0.010754
0.014938
0.024402
0.036244
0.026504
0.007920
0.018238
0.014695
0.009955
0.009530
0.016892
0.022237
0.044916
0.014824
0.016581
0.012153
0.011869
0.015110
0.052208
0.010167
0.040588
0.071866
0.018144
0.020965
0.020953
0.090312
0.077460
0.009576
0.017447
0.014503
0.018235
0.063331
0.018049
0.014270
0.019688
0.012905
0.007842
0.015313
0.015782
0.023364
0.010993
0.079923
0.014861
0.008632
0.025506
0.012231
0.015554
0.014271
0.034849
0.008062
0.012902
0.026316
0.018195
0.012890
0.008563
0.010836
0.010780
0.023798
0.007556
0.016842
0.008563
0.012668
0.019140
0.010405
0.015619
0.012861
0.009272
0.009268
0.016521
0.010614
0.012184
0.012134
0.011573
0.010196
0.007426
0.008562
0.012913
0.016802
0.009023
0.008719
0.024380
0.008619
0.009098
0.011993
0.033168
0.022508
0.014418
0.024956
0.015451
0.018561
0.012620
0.017257
0.018681
0.016213
0.012083
0.011184
0.018149
0.017697
0.016357
0.012959
0.012499
0.013247
0.009235
0.015146
0.007176
0.023207
0.009535
0.050265
0.015985
0.006563
0.028730
0.012063
0.010304
0.011413
0.012160
0.019351
0.008325
0.012446
0.007832
0.025070
0.010737
0.012602
0.077267
0.013173
0.009420
0.013744
0.056581
0.018317
0.014516
0.019831
0.013588
0.012464
0.016865
0.020600
0.009364
0.009109
0.012016
0.039878
0.046023
0.009410
0.020301
0.010944
0.008814
0.008997
0.053113
0.007626
0.017790
0.013264
0.027129
0.013671
0.013782
0.009009
0.008415
0.011702
0.011700
0.018594
0.007305
0.012696
0.006752
0.011093
0.027153
0.007734
0.007292
0.018077
0.011228
0.053556
0.008116
0.009784
0.013705
0.013604
0.008470
0.012190
0.006389
0.015762
0.012761
0.007976
0.012408
0.010917
0.014515
0.011729
0.012438
0.012693
0.007140
0.007681
0.013015
0.010738
0.011072
0.067426
0.013838
0.012624
0.012947
0.010353
0.013840
0.008343
0.025933
0.016441
0.007998
0.009724
0.014169
0.020442
0.011095
0.008818
0.006126
0.009801
0.012243
0.008732
0.009060
0.015168
0.014247
0.017251
0.042179
0.039975
0.013636
0.007576
0.022378
0.040413
0.041863
0.009743
0.010339
0.017560
0.009846
0.010824
0.014890
0.012697
0.019639
0.007773
0.012918
0.009097
0.012424
0.073915
0.014403
0.008090
0.012218
0.013617
0.013260
0.077402
0.009337
0.030012
0.007084
0.010542
0.019043
0.007623
0.010602
0.010084
0.010949
0.014561
0.011004
0.009168
0.012790
0.020110
0.009983
0.013141
0.008989
0.007823
0.011944
0.011432
0.018083
0.009582
0.012573
0.010859
0.009987
0.011732
0.010599
0.012556
0.008540
0.010216
0.006408
0.011309
0.010427
0.011462
0.009768
0.014876
0.008879
0.011131
0.043238
0.009309
0.013215
0.021903
0.032334
0.017846
0.009789
0.020008
0.017893
0.017374
0.007895
0.023153
0.012761
0.010025
0.010048
0.017159
0.012923
0.008034
0.010333
0.015378
0.008357
0.015411
0.016583
0.011460
0.016122
0.016511
0.008631
0.010112
0.008514
0.008765
0.007393
0.010568
0.063297
0.018693
0.015350
0.052360
0.024446
0.015855
0.021632
0.016525
0.009784
0.020465
0.008471
0.011538
0.008386
0.012830
0.006635
0.009697
0.007975
0.016369
0.007035
0.006705
0.013384
0.029740
0.015174
0.042308
0.013458
0.009125
0.012745
0.015556
0.011538
0.014396
0.009716
0.021337
0.018269
0.012405
0.023536
0.012491
0.031088
0.018040
0.016286
0.011645
0.009446
0.008375
0.010182
0.012485
0.066702
0.009531
0.011875
0.010931
0.008398
0.012790
0.013145
0.008820
0.023668
0.008488
0.008542
0.009317
0.052233
0.009589
0.014588
0.009033
0.012054
0.019997
0.008544
0.011082
0.026457
0.008581
0.006961
0.009434
0.009761
0.011325
0.011456
0.009880
0.010612
0.010201
0.007931
0.021840
0.007501
0.009059
0.012951
0.017291
0.044087
0.023759
0.007059
0.006783
0.008246
0.012381
0.008020
0.061863
0.007999
0.012705
0.010111
0.007951
0.018344
0.012148
0.009793
0.011015
0.024381
0.009051
0.007111
0.009172
0.012188
0.012714
0.006431
0.013061
0.025316
0.012065
0.006959
0.011194
0.008097
0.013666
0.011969
0.006429
0.007893
0.012339
0.010396
0.011951
0.015601
0.009818
0.006900
0.009260
0.005434
0.012816
0.006637
0.011357
0.010524
0.021576
0.009711
0.005927
0.007624
0.010743
0.014503
0.009892
0.011516
0.010616
0.010210
0.027200
0.007599
0.008711
0.006336
0.011765
0.013671
0.011538
0.008066
0.007818
0.010424
0.016150
0.051761
0.009486
0.006381
0.009922
0.010532
0.007911
0.008541
0.006740
0.012898
0.035094
0.006873
0.011409
0.009796
0.010857
0.012274
0.010115
0.007682
0.016180
0.013074
0.007823
0.038219
0.013668
0.008576
0.008114
0.015205
0.014185
0.011555
0.008524
0.016185
0.010903
0.014317
0.013346
0.014632
0.007763
0.008302
0.011157
0.010583
0.008803
0.011971
0.008837
0.008604
0.007940
0.006420
0.012278
0.009843
0.005959
0.018337
0.007075
0.008383
0.008259
0.034264
0.007888
0.014485
0.006619
0.008056
0.008166
0.009219
0.007842
0.006597
0.009572
0.007191
0.011315
0.009000
0.007040
0.007236
0.012327
0.009742
0.007707
0.011451
0.038136
0.009275
0.012875
0.010448
0.009682
0.012519
0.013624
0.010659
0.026524
0.010597
0.007257
0.008819
0.009433
0.013205
0.012042
0.009172
0.008291
0.012973
0.008703
0.005609
0.007070
0.007565
0.022971
0.012049
0.017951
0.007820
0.017642
0.007640
0.008264
0.013207
0.008987
0.008554
0.007319
0.006836
0.011471
0.007894
0.050139
0.005487
0.012311
0.008157
0.009476
0.008500
0.006232
0.012295
0.007204
0.027056
0.008311
0.015202
0.008334
0.012321
0.005892
0.010231
0.005308
0.016742
0.010319
0.006857
0.008905
0.015373
0.007863
0.007464
0.005332
0.007278
0.008280
0.006501
0.011941
0.008754
0.015617
0.008137
0.026397
0.009890
0.005893
0.007633
0.007392
0.009067
0.009089
0.012285
0.007051
0.005223
0.008538
0.008556
0.013665
0.009026
0.013146
0.010277
0.014770
0.009626
0.007529
0.007308
0.012013
0.008427
0.010960
0.004534
0.007006
0.005507
0.008247
0.008414
0.005461
0.009070
0.014201
0.016456
0.013555
0.009729
0.016917
0.005414
0.007668
0.005333
0.014158
0.019814
0.011392
0.008926
0.009673
0.007230
0.007237
0.011969
0.007901
0.015185
0.009833
0.007107
0.013218
0.006691
0.011615
0.008716
0.011308
0.020570
0.006693
0.006046
0.008242
0.010122
0.011419
0.008616
0.022546
0.014710
0.009596
0.007653
0.009788
0.008672
0.010520
0.009829
0.010052
0.012293
0.007501
0.009788
0.009575
0.025404
0.011163
0.015403
0.007667
0.008741
0.054887
0.011939
0.009755
0.012103
0.009963
0.011806
0.012946
0.008778
0.009835
0.013807
0.011122
0.013896
0.006662
0.008674
0.010513
0.016325
0.022247
0.006664
0.013415
0.006625
0.024100
0.006062
0.020762
0.008324
0.008504
0.006342
0.007160
0.014470
0.005665
0.012149
0.012337
0.004889
0.008047
0.008784
0.022188
0.009897
0.017785
0.011256
0.008072
0.008871
0.009301
0.010771
0.017223
0.011076
0.006081
0.009669
0.008198
0.008051
0.013985
0.005536
0.011204
0.007017
0.008784
0.006132
0.013738
0.006820
0.008970
0.015254
0.045760
0.006207
0.011755
