1.225856
0.905310
0.700873
0.552547
0.366249
0.281233
0.275971
0.141364
0.163473
0.186691
0.168537
0.105528
0.111130
0.105015
0.163342
0.152977
0.190089
0.101973
0.079124
0.079610
0.103487
0.060207
0.044199
0.170044
0.126524
0.035916
0.042988
0.081509
0.030957
0.032086
0.068850
0.042288
0.055624
0.092625
0.193348
0.063921
0.062788
0.130391
0.045433
0.031349
0.047745
0.031747
0.089288
0.087675
0.101645
0.041145
0.026690
0.027693
0.076277
0.066493
0.026217
0.072594
0.042680
0.074259
0.095615
0.027442
0.022398
0.052434
0.022499
0.022735
0.022863
0.032084
0.023584
0.022894
0.129457
0.026063
0.060313
0.025319
0.046518
0.030943
0.020671
0.020941
0.032018
0.025497
0.033352
0.023650
0.056471
0.022251
0.068123
0.067130
0.022119
0.049713
0.060284
0.018794
0.025051
0.046248
0.028057
0.041119
0.020886
0.035638
0.054224
0.057832
0.032559
0.032065
0.026869
0.049351
0.022649
0.022252
0.019693
0.032012
0.041826
0.021524
0.055749
0.031227
0.025614
0.058135
0.023825
0.056451
0.020092
0.077187
0.044023
0.052046
0.033918
0.072977
0.075937
0.117232
0.028246
0.018587
0.018163
0.028365
0.024223
0.019662
0.022465
0.031359
0.018479
0.017593
0.036832
0.074093
0.016522
0.041730
0.074877
0.062776
0.031701
0.016577
0.026969
0.024974
0.018294
0.019035
0.017879
0.017781
0.054068
0.026691
0.016338
0.018347
0.024106
0.035167
0.021699
0.029534
0.035615
0.020870
0.016169
0.045474
0.018516
0.033896
0.045611
0.032334
0.026971
0.017991
0.021963
0.024835
0.054138
0.015724
0.042039
0.044295
0.072077
0.014564
0.015517
0.104671
0.049590
0.068642
0.026059
0.024222
0.014846
0.021315
0.081939
0.029572
0.023807
0.058615
0.031591
0.018919
0.067565
0.062497
0.024850
0.024178
0.016014
0.020133
0.033882
0.022778
0.016468
0.026684
0.017631
0.033616
0.045995
0.016282
0.019506
0.043071
0.047856
0.030226
0.025161
0.014346
0.053619
0.021368
0.025237
0.029342
0.047400
0.019565
0.017744
0.036438
0.015018
0.065352
0.014918
0.043141
0.014716
0.028303
0.064552
0.013457
0.069943
0.033467
0.050332
0.015269
0.028863
0.017971
0.017030
0.062997
0.027665
0.016034
0.015800
0.014970
0.034249
0.044597
0.021847
0.027622
0.025217
0.014611
0.015040
0.037028
0.026524
0.014757
0.033210
0.016201
0.016858
0.036877
0.017097
0.016451
0.022892
0.017974
0.015161
0.019837
0.051841
0.017629
0.020520
0.013219
0.012825
0.071773
0.017316
0.051719
0.019588
0.020597
0.023281
0.014788
0.011986
0.028729
0.012660
0.038292
0.019618
0.018550
0.011880
0.014148
0.039976
0.014789
0.013258
0.018541
0.010995
0.030564
0.015890
0.021081
0.022242
0.015674
0.018547
0.022358
0.017729
0.018397
0.013731
0.021897
0.014783
0.014355
0.069704
0.011909
0.012875
0.012632
0.015157
0.013795
0.012503
0.017068
0.045671
0.011992
0.013434
0.015946
0.025856
0.050078
0.020189
0.019358
0.025883
0.028396
0.014738
0.015247
0.020560
0.012768
0.022010
0.015899
0.020939
0.044586
0.012294
0.015668
0.013020
0.038244
0.012396
0.014223
0.020211
0.012918
0.015698
0.012937
0.054696
0.032421
0.019620
0.049122
0.022348
0.022311
0.018997
0.015212
0.022360
0.016923
0.016028
0.013283
0.025388
0.012074
0.012669
0.038913
0.014887
0.014982
0.024577
0.024007
0.030825
0.010871
0.011724
0.078991
0.010737
0.033460
0.036830
0.016400
0.014010
0.014305
0.016895
0.021594
0.021419
0.047306
0.023015
0.024604
0.013621
0.023030
0.012319
0.018875
0.041740
0.038319
0.011108
0.012221
0.032187
0.013069
0.054060
0.013235
0.012934
0.022781
0.016822
0.023470
0.009350
0.015420
0.016675
0.030880
0.012697
0.014552
0.014463
0.011450
0.010859
0.009952
0.027284
0.009453
0.014063
0.013995
0.012763
0.028236
0.032230
0.013646
0.048937
0.040947
0.018963
0.012542
0.010929
0.031777
0.013071
0.012898
0.010351
0.014874
0.018955
0.038035
0.009198
0.010065
0.010554
0.024806
0.013978
0.028632
0.014791
0.013185
0.019650
0.016477
0.015242
0.015432
0.011730
0.017704
0.033543
0.017296
0.013612
0.014232
0.011396
0.013499
0.008686
0.012388
0.018308
0.011971
0.011641
0.017627
0.011950
0.014729
0.017507
0.019168
0.027328
0.024019
0.018719
0.031478
0.024445
0.023781
0.014398
0.013385
0.012258
0.013182
0.042492
0.009672
0.025704
0.024296
0.024595
0.046137
0.014687
0.034477
0.018713
0.020658
0.012842
0.014531
0.013699
0.015686
0.015841
0.012628
0.011083
0.014136
0.011672
0.011954
0.011768
0.011368
0.019576
0.009982
0.022443
0.014097
0.011439
0.009745
0.053860
0.010640
0.011850
0.037746
0.017731
0.014424
0.012182
0.010811
0.009957
0.046813
0.019772
0.009711
0.016830
0.013311
0.013522
0.019236
0.013403
0.012105
0.014356
0.023084
0.014730
0.012969
0.031937
0.019448
0.036636
0.013456
0.015307
0.016930
0.011153
0.048947
0.017242
0.015355
0.011377
0.016695
0.021260
0.015619
0.013033
0.014832
0.022580
0.017278
0.014703
0.018536
0.109193
0.016617
0.016314
0.011930
0.013251
0.044634
0.014451
0.010553
0.016779
0.017833
0.028166
0.018216
0.010638
0.011208
0.011539
0.027752
0.015282
0.030579
0.018226
0.014312
0.027362
0.022401
0.046283
0.013575
0.015830
0.042786
0.012709
0.014177
0.015840
0.021895
0.016514
0.013711
0.040628
0.013299
0.012746
0.036198
0.011802
0.014522
0.010943
0.009207
0.011895
0.024565
0.014364
0.017195
0.010791
0.027091
0.014207
0.032011
0.011297
0.020269
0.013551
0.012655
0.021089
0.039272
0.012356
0.031792
0.013431
0.020662
0.015129
0.011309
0.011686
0.015843
0.020060
0.011926
0.010282
0.010185
0.016549
0.010141
0.008430
0.009094
0.008943
0.037367
0.013925
0.009606
0.008625
0.022894
0.011752
0.007993
0.033049
0.012899
0.040326
0.009847
0.016310
0.009266
0.014159
0.035353
0.013823
0.011633
0.009381
0.008788
0.018021
0.008206
0.008080
0.010056
0.009964
0.018549
0.017917
0.008732
0.008837
0.013694
0.018406
0.014063
0.007916
0.012417
0.010196
0.011333
0.008219
0.009603
0.037166
0.008176
0.008252
0.023209
0.017773
0.009231
0.011186
0.009449
0.010836
0.009434
0.008480
0.011556
0.024902
0.015837
0.008913
0.017524
0.009324
0.010614
0.017069
0.009268
0.008317
0.027125
0.012382
0.015033
0.008940
0.010867
0.010306
0.010568
0.026718
0.009997
0.012732
0.013118
0.020060
0.010820
0.010937
0.013216
0.009352
0.011862
0.008501
0.012854
0.010381
0.010884
0.012650
0.008756
0.011358
0.014678
0.011650
0.015832
0.013266
0.038085
0.008108
0.015561
0.010409
0.008183
0.009774
0.012236
0.008181
0.008357
0.007961
0.012264
0.020507
0.010336
0.025899
0.010109
0.011642
0.016656
0.013294
0.037098
0.010038
0.014031
0.012779
0.011414
0.014290
0.010539
0.010533
0.013635
0.016497
0.014061
0.009786
0.009318
0.009556
0.017517
0.025996
0.016158
0.011989
0.009031
0.009372
0.016919
0.010646
0.027054
0.008139
0.007583
0.015669
0.008599
0.011093
0.022955
0.008726
0.008338
0.012942
0.042662
0.006754
0.010059
0.020479
0.010273
0.009888
0.036156
0.008988
0.013030
0.010610
0.009607
0.026606
0.011375
0.009427
0.009954
0.007854
0.015233
0.007755
0.009083
0.009800
0.022200
0.010481
0.009106
0.057905
0.025824
0.045534
0.011881
0.014194
0.021528
0.017980
0.011097
0.015265
0.009422
0.015549
0.014447
0.016548
0.016366
0.012750
0.013816
0.054127
0.008715
0.014581
0.012837
0.015565
0.011567
0.009242
0.014277
0.007907
0.014362
0.011604
0.015880
0.010135
0.010077
0.051899
0.009025
0.009498
0.016020
0.008950
0.012889
0.010476
0.007637
0.046633
0.013802
0.016371
0.008454
0.007958
0.009295
0.021113
0.007843
0.011287
0.012163
0.008720
0.016853
0.009719
0.014935
0.008542
0.011053
0.016166
0.009138
0.009220
0.007398
0.022087
0.007443
0.009867
0.008407
0.008940
0.007041
0.008763
0.009839
0.018278
0.011168
0.006410
0.047392
0.013758
0.010413
0.014022
0.010853
0.008244
0.015082
0.016353
0.012173
0.009741
0.012798
0.020846
0.014286
0.013111
0.047924
0.015526
0.009549
0.029267
0.008681
0.012609
0.007433
0.008889
0.009409
0.007453
0.013798
0.007320
0.007678
0.006454
0.007378
0.016324
0.009646
0.022663
0.009974
0.011572
0.010971
0.010921
0.007589
0.011380
0.011644
0.008513
0.012535
0.006367
0.012593
0.011899
0.011937
0.010028
0.010982
0.009902
0.009196
0.008716
0.008267
0.010496
0.009391
0.006801
0.005106
0.008416
0.008033
0.015448
0.007398
0.010329
0.012726
0.014369
0.011267
0.008525
0.014122
0.007251
0.017160
0.013643
0.009586
0.009308
0.018383
0.010705
0.014965
0.006340
0.021855
0.009319
0.009224
0.007264
0.007746
0.010774
0.014567
0.007762
0.014477
0.009008
0.006951
0.007175
0.012733
0.014927
0.013648
0.008074
0.012989
0.011399
0.009799
0.008284
0.010627
0.007100
0.031686
0.007575
0.010426
0.011824
0.006153
0.006396
0.012931
0.014773
0.005317
0.007461
0.011407
0.010380
0.008056
0.006540
0.009249
0.007750
0.012679
0.010415
0.006229
0.009158
0.006718
0.010202
0.008745
0.007072
0.019252
0.006654
0.005816
0.014553
0.006640
0.005301
0.014796
0.006377
0.007136
0.006752
0.009507
0.022099
0.007803
0.006390
0.008556
0.006707
0.006275
0.006618
0.008127
0.011381
0.006511
0.005878
0.009865
0.010154
0.008242
0.008930
0.006717
0.006727
0.008603
0.008161
0.014589
0.009109
0.009794
0.011223
0.007160
0.036904
0.011325
0.009588
0.028311
0.007195
0.012526
0.027128
0.017055
0.008802
0.010147
0.006453
0.010015
0.007007
0.009297
0.053489
0.051583
0.011394
0.012370
0.016257
0.007988
0.007169
0.005947
0.013290
0.008664
0.013701
0.033830
0.011005
0.008162
0.011163
0.014057
0.014179
0.007594
0.008677
0.009764
0.023580
0.016085
0.005975
0.017683
0.025105
0.019175
0.010403
0.009639
0.008922
0.010424
0.022649
0.009493
0.010325
0.008493
0.009462
0.011636
0.014196
0.007572
0.008310
0.010805
0.009516
0.008088
0.008197
0.013320
0.014352
0.025459
0.007195
0.045021
0.013885
0.011791
0.011817
0.017102
0.012785
0.023106
0.012804
0.011457
0.009012
0.009633
0.010014
0.029499
0.012019
0.009766
0.009279
0.007702
0.009508
0.011045
0.008115
0.030808
0.016556
0.007642
0.008397
0.014203
0.007005
0.010279
0.006081
0.016815
0.008049
0.014726
0.007591
0.013179
0.006165
0.034497
0.015959
0.010029
0.008859
0.007513
0.008238
0.011272
0.033881
0.009765
0.009323
0.012861
0.007452
0.006913
0.010393
0.035490
0.008319
0.006745
0.020430
0.009103
0.014951
0.006006
0.007939
0.008783
0.008877
0.008991
0.010889
0.006576
0.026421
0.009932
0.025998
0.006400
0.005379
0.011197
0.013492
0.011387
0.012538
0.011847
0.012551
0.008237
0.007926
0.054074
0.009942
0.023905
0.012873
0.013223
0.010436
0.019257
0.008091
0.005715
0.009575
0.028493
0.015748
0.030940
0.009891
0.011770
0.022847
0.017277
0.010230
0.012644
0.010605
0.008870
0.008279
0.014759
0.010137
0.010456
0.035920
0.007460
0.007615
0.009734
0.006833
0.008131
0.020776
0.013191
0.007654
0.013877
0.007242
0.019315
0.005247
0.007575
0.009016
0.009051
0.012162
0.009765
0.008717
0.012769
0.011884
0.009670
0.009526
0.006893
0.007147
0.029934
0.006928
0.009527
0.010840
0.007013
0.007306
0.014129
0.009607
0.010079
0.005886
0.006785
0.012877
0.008357
0.006040
0.009079
0.006516
0.006789
0.007516
0.006284
0.017017
0.009031
0.016033
0.006706
0.007196
0.010484
0.006402
0.008327
0.005827
0.012268
0.011613
0.011549
0.009417
0.013283
0.009221
0.007218
0.015078
0.006188
0.009367
0.007352
0.012490
0.012965
0.005622
0.013510
0.007659
0.008033
0.009599
0.008527
0.012211
0.008265
0.007179
0.006951
0.007332
0.008389
0.006595
0.007275
0.007207
0.006196
0.006328
0.014062
0.011449
0.005487
0.006006
0.006388
0.012330
0.026509
0.008474
0.009298
0.006283
0.006345
0.008067
0.015468
0.006317
0.005963
0.005804
0.008669
0.015732
0.006946
0.036896
0.010846
0.021988
0.014381
0.006937
0.006373
0.008985
0.008991
0.017566
0.010040
0.005554
0.031336
0.008073
0.008005
0.010068
0.007178
0.032182
0.009932
0.009586
0.015457
0.005751
0.009094
0.005875
0.038804
0.008352
0.007078
0.012280
0.005922
0.007570
0.005573
0.006082
0.007013
0.010362
0.006305
0.006212
0.010132
0.007751
0.011050
0.006125
0.006007
0.007581
0.014293
0.008217
0.007948
0.005512
0.006758
0.005829
0.006775
0.009315
0.017459
0.006156
0.019694
0.007847
0.007891
0.006934
0.007852
0.007652
0.009561
0.011004
0.007152
0.008354
0.007412
0.008834
0.008174
0.007868
0.006772
0.009925
0.006441
0.008009
0.007345
0.005906
0.010249
0.005014
0.006476
0.007594
0.005770
0.024183
0.011283
0.011398
0.006719
0.006130
0.011953
0.012236
0.027266
0.009284
0.007835
0.007828
0.007491
0.010133
0.006295
0.008052
0.005901
0.008239
0.005783
0.005581
0.005667
0.005074
0.011151
0.005743
0.007059
0.005339
0.004909
0.005250
0.018305
0.010947
0.007493
0.015161
0.007463
0.010873
0.031684
0.005881
0.006354
0.006403
0.007771
0.009369
0.005985
0.005915
0.006653
0.007854
0.007374
0.005709
0.010104
0.007258
0.010278
0.009068
0.005514
0.004849
0.058770
0.006015
0.006276
0.019393
0.007612
0.008346
0.012477
0.012340
0.008558
0.025534
0.009955
0.012558
0.006728
0.008688
0.008457
0.008001
0.009105
0.006925
0.008398
0.011383
0.005807
0.004742
0.016102
0.009622
0.006802
0.005617
0.011545
0.019644
0.007255
0.008772
0.006699
0.007587
0.009213
0.005670
0.033248
0.009426
0.004822
0.004790
0.009080
0.006622
0.018975
0.016733
0.020493
0.013990
0.013548
0.011691
0.011030
0.008198
0.007847
0.008121
0.008411
0.005838
0.007578
0.005157
0.009773
0.009195
0.009090
0.010972
0.010963
0.015652
0.005352
0.008613
0.005949
0.005299
0.004793
0.013473
0.005067
0.012136
0.004924
0.007036
0.006962
0.005672
0.007272
0.006533
0.008560
0.005497
0.004842
0.016715
0.005895
0.030529
0.005054
0.004506
0.005842
0.033131
0.013382
0.006135
0.031441
0.008028
0.006177
0.016836
0.005756
0.039913
0.008482
0.008994
0.006087
0.006558
0.007825
0.012203
0.010859
0.008405
0.006181
0.008739
0.007357
0.005577
0.013113
0.005660
0.008962
0.007376
0.007968
0.006424
0.012441
0.007964
0.006299
0.005537
0.010345
0.010343
0.010585
0.008797
0.007933
0.010426
0.007188
0.007924
0.009528
0.009742
0.005870
0.006740
0.006985
0.004201
0.005022
0.010066
0.007478
0.004168
0.004911
0.009117
0.004970
0.004739
0.013734
0.008260
0.008505
0.012241
0.005237
0.006031
0.006123
0.008485
0.006640
0.008826
0.005508
0.005670
0.028149
0.005749
0.008662
0.011594
0.006495
0.009217
0.006255
0.030403
0.006807
0.009801
0.006360
0.007254
0.007276
0.011773
0.019304
0.007388
0.007644
0.006989
0.023945
0.008998
0.006949
0.010147
0.008779
0.011520
0.011294
0.009139
0.005352
0.028173
0.009737
0.008105
0.005614
0.024421
0.005296
0.007115
0.040733
0.009372
0.007219
0.008242
0.008079
0.006297
0.007134
0.005527
0.017041
0.013238
0.013514
0.007421
0.041042
0.006291
0.006568
0.043503
0.009609
0.007648
0.010932
0.008108
0.006470
0.015232
0.041151
0.006189
0.011631
0.009326
0.009437
0.009467
0.046567
0.008876
0.008268
0.010380
0.006802
0.008066
0.007169
0.006000
0.016022
0.007016
0.009538
0.010833
0.030927
0.009413
0.014831
0.006503
0.021670
0.009279
0.007052
0.004540
0.010617
0.005067
0.009784
0.005517
0.022465
0.011731
0.020963
0.011762
0.006936
0.007929
0.005934
0.006647
0.004644
0.011211
0.004599
0.008265
0.005041
0.008681
0.006224
0.006304
0.015601
0.008020
0.009212
0.012019
0.011060
0.007916
0.005059
0.025637
0.014203
0.005732
0.007517
0.007539
0.005247
0.012172
0.005912
0.006510
0.022773
0.015887
0.020052
0.005213
0.010003
0.005521
0.009164
0.005787
0.006157
0.004776
0.005450
0.026233
0.068183
0.008500
0.010471
0.035580
0.015937
0.017183
0.012709
0.009282
0.012714
0.014780
0.040766
0.009271
0.005434
0.013639
0.007461
0.007402
0.016254
0.008468
0.006230
0.005422
0.007085
0.016776
0.006580
0.009016
0.006954
0.014383
0.007758
0.008207
0.008878
0.006256
0.008674
0.006439
0.007017
0.005659
0.006164
0.009748
0.031881
0.005196
0.006240
0.005634
0.006591
0.008200
0.015188
0.013602
0.017389
0.008134
0.006988
0.031776
0.009681
0.010772
0.006652
0.006049
0.007073
0.006981
0.005560
0.006196
0.005039
0.005263
0.008789
0.006492
0.005825
0.004516
0.004708
0.041561
0.005175
0.006936
0.011012
0.009424
0.009225
0.006964
0.009187
0.005650
0.004908
0.006341
0.007546
0.014601
0.005678
0.007465
0.009263
0.004957
0.008555
0.007990
0.005355
0.016479
0.008423
0.023387
0.006405
0.003735
0.004088
0.005160
0.006763
0.007026
0.013466
0.025064
0.006045
0.006634
0.008107
0.012445
0.007786
0.006545
0.006129
0.004986
0.009847
0.038199
0.005191
0.009190
0.004229
0.009870
0.004863
0.010334
0.011844
0.006931
0.005697
0.007152
0.007312
0.014515
0.005531
0.005913
0.014479
0.007943
0.008713
0.008047
0.005958
0.017528
0.005374
0.006955
0.005734
0.005163
0.006099
0.008081
0.006962
0.011670
0.006010
0.007495
0.011749
0.010717
0.005284
0.006955
0.005646
0.005126
0.007493
0.006032
0.007924
0.006834
0.008230
0.006497
0.005587
0.007211
0.004425
0.006152
0.013438
0.016026
0.004648
0.009974
0.005824
0.008674
0.006953
0.004878
0.008019
0.008393
0.009241
0.005690
0.005831
0.006020
0.011372
0.010753
0.005257
0.007944
0.010194
0.005887
0.009369
0.005340
0.014747
0.007111
0.005886
0.006814
0.010430
0.005334
0.008318
0.005353
0.007481
0.007247
0.007345
0.004021
0.004465
0.008218
0.008255
0.004274
0.005113
0.008021
0.009589
0.006889
0.005577
0.008370
0.006352
0.005560
0.010563
0.009554
0.005233
0.004642
0.008507
0.009088
0.008923
0.004933
0.005088
0.004474
0.005403
0.004431
0.003723
0.005549
0.014475
0.004349
0.004163
0.009414
0.004988
0.004953
0.005661
0.004107
0.006803
0.011764
0.013709
0.008546
0.005223
0.008440
0.012407
0.004820
0.006233
0.007275
0.005847
0.006914
0.004982
0.003477
0.009430
0.011836
0.005776
0.007678
0.004608
0.005786
0.006021
0.004183
0.007214
0.006565
0.005224
0.005693
0.007203
0.004488
0.008459
0.004327
0.007869
0.005069
0.004062
0.007387
0.006220
0.005180
0.004719
0.005913
0.007663
0.020678
0.012888
0.004416
0.006097
0.006825
0.015908
0.005491
0.006928
0.008010
0.004086
0.005035
0.005444
0.006866
0.003389
0.005919
0.006269
0.010573
0.007135
0.006360
0.007142
0.006095
0.007899
0.008621
0.004531
0.006576
0.005063
0.003772
0.006008
0.013289
0.004477
0.005440
0.005022
0.009027
0.007464
0.008519
0.008937
0.006112
0.004845
0.009722
0.008390
0.004329
0.014350
0.004775
0.010928
0.008181
0.011812
0.006164
0.004562
0.023971
0.005218
0.004023
0.006465
0.005722
0.013794
0.005940
0.005152
0.009316
0.010657
0.012323
0.004984
0.008142
0.004240
0.004077
0.012358
0.003065
0.005657
0.004265
0.006693
0.005608
0.005424
0.005478
0.006804
0.005000
0.005780
0.007049
0.007311
0.005962
0.006321
0.007527
0.011304
0.005879
0.007679
0.005684
0.014499
0.005345
0.008473
0.005957
0.006619
0.003869
0.014985
0.004293
0.003166
0.007632
0.006976
0.005573
0.005346
0.005841
0.010504
0.006478
0.004264
0.010507
0.004707
0.009307
0.006546
0.006101
0.004205
0.008401
0.004298
0.003439
0.008269
0.006703
0.035930
0.004680
0.019579
0.005094
0.012174
0.004335
0.004752
0.009604
0.005661
0.005529
0.008861
0.017740
0.005567
0.014785
0.005881
0.004499
0.007695
0.005244
0.004278
0.003322
0.006448
0.012729
0.006332
0.007020
0.007585
0.008482
0.024908
0.005967
0.005316
0.013980
0.009261
0.006299
0.004331
0.015347
0.003790
0.009389
0.003969
0.003069
0.011730
0.009067
0.007644
0.006540
0.009163
0.008021
0.009548
0.008413
0.006417
0.004460
0.009010
0.004514
0.004035
0.006189
0.003893
0.011506
0.011104
0.005383
0.006106
0.006762
0.005960
0.006054
0.021295
0.017681
0.004598
0.007999
0.008050
0.007151
0.006746
0.003769
0.004295
0.005256
0.007840
0.006920
0.006934
0.005323
0.005172
0.007934
0.005413
0.005197
0.006069
0.014635
0.006904
0.017708
0.004800
0.015042
0.006744
0.007189
0.012098
0.006097
0.005543
0.006028
0.005402
0.005149
0.004181
0.005356
0.004179
0.004465
0.010440
0.007265
0.003153
0.023018
0.009706
0.007048
0.003626
0.006398
0.006279
0.005059
0.005077
0.012828
0.006036
0.005600
0.007184
0.005295
0.007053
0.004728
0.013812
0.004635
0.007450
0.006424
0.005130
0.006156
0.007601
0.012858
0.009255
0.004544
0.007578
0.004570
0.006537
0.008072
0.005071
0.006782
0.004182
0.005813
0.004249
0.006169
0.005216
0.003900
0.004436
0.005473
0.005017
0.005382
0.005820
0.010276
0.007843
0.005989
0.004628
0.011850
0.005084
0.004747
0.004877
0.012797
0.004866
0.005972
0.003689
0.004591
0.017257
0.003298
0.004467
0.005919
0.004346
0.012429
0.006705
0.006031
0.009234
0.020297
0.005783
0.005872
0.006256
0.009401
0.004013
0.004781
0.003531
0.011008
0.033837
0.007608
0.012061
0.008305
0.010253
0.007516
0.005228
0.009049
0.006502
0.005581
0.005976
0.004876
0.008308
0.024059
0.005871
0.009225
0.011821
0.008047
0.005206
0.004277
0.005763
0.005222
0.005170
0.005597
0.008644
0.005007
0.006017
0.003852
0.005386
0.007228
0.005721
0.004463
0.005975
0.006105
0.006490
0.015653
0.004700
0.008794
0.005765
0.009055
0.004818
0.004911
0.021187
0.004234
0.005732
0.008533
0.004259
0.004742
0.008379
0.003859
0.021279
0.005781
0.003912
0.007829
0.004897
0.004320
0.011881
0.010950
0.005963
0.007080
0.004626
0.008106
0.005030
0.006524
0.004916
0.006700
0.005180
0.005454
0.004171
0.003534
0.007876
0.015893
0.006279
0.006688
0.010486
0.005474
0.011476
0.005102
0.004829
0.005438
0.003733
0.006898
0.015335
0.008113
0.007495
0.006329
0.009095
0.004548
0.006050
0.007587
0.007279
0.008311
0.005913
0.004445
0.006536
0.009033
0.006626
0.005534
0.006755
0.007161
0.004995
0.003839
0.007773
0.005900
0.008903
0.009296
0.007306
0.006738
0.004798
0.006433
0.024830
0.006204
0.005857
0.008762
0.006119
0.005779
0.004952
0.006913
0.005441
0.003767
0.005755
0.004350
0.004306
0.009374
0.003792
0.015936
0.010063
0.024759
0.016323
0.015811
0.007140
0.005951
0.006786
0.005016
0.006498
0.006216
0.006807
0.006538
0.006157
0.006509
0.004662
0.010445
0.048588
0.009625
0.005728
0.009081
0.004764
0.004973
0.020154
0.008133
0.042087
0.008699
0.010313
0.012606
0.005622
0.005773
0.007732
0.005834
0.005895
0.011097
0.009841
0.004032
0.014822
0.006969
0.004810
0.010110
0.010061
0.005203
0.006137
0.005346
0.003738
0.005768
0.014691
0.021830
0.008009
0.005416
0.005698
0.005383
0.004029
0.006954
0.012817
0.009407
0.004556
0.005287
0.007802
0.004319
0.008738
0.004046
0.003081
0.008123
0.006439
0.011198
0.027393
0.004605
0.005086
0.019596
0.006086
0.005207
0.020714
0.006108
0.004538
0.007925
0.006789
0.005249
0.007157
0.005285
0.005051
0.004689
0.005994
0.003972
0.005779
0.003126
0.005054
0.004800
0.004178
0.004060
0.005592
0.005589
0.004520
0.004236
0.008525
0.007066
0.006118
0.010149
0.004621
0.006209
0.005483
0.003987
0.022086
0.005538
0.004479
0.003881
0.003723
0.003842
0.005184
0.005169
0.008499
0.004891
0.012910
0.005616
0.004610
0.005914
0.024990
0.005526
0.004522
0.006547
0.005765
0.015831
0.004743
0.006174
0.005760
0.006230
0.004905
0.008882
0.012962
0.005842
0.008241
0.005437
0.005813
0.003980
0.004355
0.008803
0.004185
0.005816
0.004503
0.005300
0.005267
0.007857
0.004260
0.008920
0.006605
0.006148
0.004960
0.012389
0.004969
0.006960
0.005883
0.003726
0.006961
0.013988
0.005681
0.003765
0.003337
0.005356
0.006689
0.003415
0.005795
0.003642
0.006970
0.006599
0.009065
0.004350
0.005146
0.007195
0.010177
0.006539
0.004237
0.014558
0.004417
0.004018
0.004316
0.004655
0.004036
0.004537
0.005835
0.003993
0.004614
0.004694
0.003354
0.005292
0.005121
0.004098
0.010994
0.006789
0.003285
0.003311
0.004576
0.017630
0.008450
0.014760
0.005584
0.012722
0.017542
0.006441
0.007473
0.013634
0.012079
0.005528
0.004694
0.007834
0.004265
0.006142
0.004562
0.004903
0.005138
0.006403
0.027860
0.007566
0.007288
0.010055
0.005092
0.008695
0.006296
0.013378
0.007485
0.008935
0.006973
0.004941
0.005200
0.009161
0.005917
0.006328
0.005404
0.008469
0.005926
0.006171
0.006193
0.005731
0.005525
0.005461
0.003932
0.008458
0.005426
0.002971
0.004139
0.018596
0.004235
0.005022
0.010284
0.005255
0.005772
0.006227
0.017389
0.005405
0.013795
0.003405
0.006980
0.008673
0.006548
0.003468
0.005239
0.011432
0.004780
0.011766
0.007585
0.007045
0.006693
0.008089
0.006147
0.021146
0.005385
0.006058
0.006005
0.010467
0.003057
0.004599
0.016083
0.003493
0.003297
0.006642
0.003163
0.003799
0.004779
0.005850
0.004392
0.022658
0.004785
0.006774
0.003742
0.003603
0.016779
0.006280
0.003638
0.005692
0.004335
0.009396
0.010007
0.008904
0.007783
0.003962
0.008402
0.011625
0.006978
0.006459
0.008329
0.008934
0.008997
0.005466
0.005045
0.008669
0.006574
0.005184
0.005423
0.005507
0.004327
0.004122
0.004105
0.013207
0.004703
0.006148
0.004193
0.005519
0.008185
0.018644
0.005464
0.005288
0.004406
0.007817
0.004932
0.003616
0.009463
0.004570
0.004800
0.008380
0.008925
0.003866
0.004516
0.006195
0.004038
0.005893
0.005141
0.003683
0.004070
0.007958
0.006317
0.003552
0.004609
0.004640
0.006801
0.003340
0.007375
0.003783
0.006441
0.005671
0.003998
0.003430
0.005680
0.006407
0.004464
0.011596
0.003214
0.003057
0.005606
0.011363
0.006029
0.009867
0.008046
0.004411
0.005127
0.006845
0.004407
0.004538
0.004232
0.004168
0.003767
0.011808
0.006856
0.003826
0.008776
0.003844
0.007599
0.003856
0.003546
0.004676
0.006216
0.010404
0.004215
0.008274
0.006494
0.004514
0.014865
0.006476
0.012297
0.008337
0.005823
0.006865
0.017469
0.008955
0.007140
0.008159
0.011210
0.007537
0.007397
0.003963
0.007194
0.003916
0.005863
0.012677
0.011771
0.004978
0.004761
0.009952
0.005341
0.005680
0.004841
0.004736
0.013282
0.011103
0.004147
0.025545
0.003694
0.004427
0.006379
0.007169
0.005015
0.009052
0.013421
0.004736
0.017254
0.009058
0.005393
0.007576
0.005085
0.004801
0.004714
0.004783
0.004922
0.011998
0.010236
0.011517
0.012422
0.005055
0.006061
0.005288
0.004847
0.005136
0.003288
0.005623
0.019761
0.007944
0.005319
0.002793
0.007022
0.010254
0.009167
0.005665
0.006353
0.005238
0.009780
0.003866
0.003246
0.004706
0.010489
0.010759
0.005152
0.004879
0.005951
0.004662
0.008340
0.004708
0.005897
0.004375
0.005384
0.004106
0.004917
0.006762
0.006800
0.004097
0.004193
0.006007
0.023071
0.008569
0.002891
0.003810
0.005345
0.004582
0.004735
0.004026
0.013946
0.005415
0.005406
0.008732
0.003593
0.008926
0.015401
0.007217
0.005621
0.005142
0.005366
0.006493
0.006541
0.005538
0.010198
0.007922
0.007601
0.005886
0.006332
0.004465
0.008244
0.007526
0.007513
0.007216
0.005240
0.004527
0.003290
0.005327
0.005036
0.003707
0.003989
0.005544
0.003068
0.003022
0.009059
0.004752
0.015789
0.009681
0.005754
0.010436
0.007253
0.007204
0.006486
0.014202
0.003742
0.008253
0.004336
0.005573
0.004525
0.003417
0.005579
0.008939
0.004363
0.005049
0.003223
0.004455
0.004698
0.011921
0.005886
0.008746
0.009847
0.004032
0.005175
0.004206
0.006344
0.004177
0.003030
0.005033
0.005015
0.005550
0.004117
0.008084
0.010895
0.008267
0.007716
0.008324
0.004798
0.005575
0.003221
0.004280
0.005352
0.007450
0.007443
0.004216
0.004482
0.004623
0.007641
0.006100
0.007592
0.005195
0.005003
0.014760
0.004520
0.005132
0.012930
0.010927
0.006096
0.005566
0.005939
0.007419
0.007424
0.004181
0.006741
0.003576
0.009838
0.005299
0.004593
0.004953
0.003059
0.003573
0.003201
0.005060
0.008492
0.002567
0.003268
0.004544
0.002919
0.006228
0.003307
0.011826
0.003359
0.007691
0.003448
0.004307
0.007010
0.004893
0.004282
0.003991
0.015177
0.004813
0.005546
0.011569
0.004063
0.005512
0.005215
0.006115
0.007734
0.004358
0.004829
0.007092
0.008388
0.006267
0.004805
0.005235
0.009044
0.006624
0.005457
0.004600
0.004915
0.004390
0.005921
0.013957
0.003930
0.005889
0.014618
0.005618
0.008156
0.004394
0.003810
0.004222
0.007261
0.004169
0.006116
0.011151
0.004162
0.003878
0.008455
0.004834
0.007790
0.019814
0.005926
0.003114
0.010395
0.006360
0.003040
0.005653
0.004047
0.005180
0.004901
0.003820
0.006267
0.003431
0.004075
0.003384
0.002945
0.004167
0.010539
0.006788
0.003975
0.004512
0.004700
0.009120
0.005811
0.003407
0.006404
0.006240
0.003283
0.005060
0.005746
0.003778
0.003341
0.005091
0.004825
0.003587
0.005816
0.003789
0.009149
0.005101
0.010133
0.002897
0.004019
0.004367
0.004210
0.007744
0.004643
0.006110
0.009636
0.004727
0.006849
0.004376
0.009569
0.004977
0.005937
0.011984
0.004751
0.004728
0.004638
0.003832
0.006067
0.008930
0.003959
0.004449
0.002574
0.008944
0.006079
0.003734
0.004897
0.007166
0.009819
0.003521
0.008155
0.003588
0.008054
0.006991
0.006378
0.005852
0.004427
0.004248
0.004930
0.004653
0.002710
0.008781
0.018365
0.003493
0.005159
0.018295
0.006665
0.005987
0.004549
0.003497
0.006448
0.005229
0.004364
0.005145
0.005111
0.004779
0.003353
0.009154
0.004288
0.007959
0.005437
0.003769
0.004784
0.007084
0.006374
0.005176
0.004754
0.003719
0.011268
0.004654
0.007968
0.021286
0.012211
0.005213
0.005037
0.003822
0.004844
0.005803
0.007459
0.006793
0.005388
0.003662
0.005621
0.003453
0.009535
0.009063
0.004842
0.008477
0.006533
0.009158
0.003565
0.003918
0.005158
0.004767
0.005817
0.004863
0.003521
0.003552
0.005595
0.007671
0.006246
0.005318
0.014114
0.003580
0.005501
0.004896
0.003644
0.014085
0.009408
0.003971
0.005241
0.006469
0.004480
0.003608
0.005550
0.002666
0.002901
0.004121
0.004824
0.010006
0.005174
0.004639
0.004992
0.013754
0.005447
0.006413
0.004581
0.003796
0.005477
0.006455
0.004605
0.004881
0.004735
0.003803
0.003648
0.005385
0.004468
0.005603
0.005964
0.008578
0.003825
0.005172
0.010149
0.005937
0.004002
0.009475
0.003657
0.004680
0.004142
0.004916
0.013946
0.004002
0.003077
0.004217
0.005708
0.004273
0.011794
0.004290
0.005056
0.007856
0.014413
0.003687
0.011830
0.004278
0.007013
0.006181
0.006946
0.003759
0.006307
0.003482
0.003472
0.006941
0.006353
0.005658
0.007690
0.006524
0.007101
0.004933
0.005610
0.003871
0.004148
0.004847
0.003282
0.009308
0.006374
0.004004
0.004209
0.003834
0.005021
0.003926
0.004946
0.002185
0.005196
0.009947
0.012304
0.003964
0.003389
0.008050
0.003782
0.008404
0.006845
0.005088
0.006590
0.003640
0.014801
0.005630
0.004741
0.005019
0.003633
0.005354
0.004579
0.006413
0.002353
0.004569
0.004397
0.019964
0.004005
0.003241
0.004145
0.003067
0.014554
0.004446
0.006492
0.003749
0.010180
0.004249
0.004316
0.017548
0.004832
0.004532
0.010567
0.004500
0.005472
0.005776
0.004761
0.006601
0.011724
0.003594
0.004749
0.005593
0.009275
0.010039
0.003856
0.006621
0.004765
0.011304
0.012053
0.006591
0.004448
0.003785
0.008388
0.004965
0.003921
0.010827
0.004145
0.004108
0.003696
0.004073
0.003139
0.005053
0.008547
0.011297
0.004720
0.008882
0.005172
0.007432
0.004759
0.006247
0.009294
0.014328
0.004361
0.009190
0.004939
0.007159
0.004168
0.004678
0.007026
0.005592
0.014453
0.023359
0.004346
0.015775
0.017065
0.007928
0.005322
0.003234
0.002870
0.005522
0.004897
0.004108
0.006149
0.003508
0.008636
0.005610
0.009169
0.006282
0.006206
0.005796
0.006473
0.004885
0.005016
0.006514
0.003913
0.005695
0.006987
0.008911
0.008440
0.005158
0.007027
0.006216
0.004121
0.005230
0.005787
0.003368
0.002908
0.004543
0.008159
0.002645
0.003976
0.004564
0.004439
0.004883
0.003600
0.003709
0.004351
0.005525
0.008274
0.004553
0.004085
0.005378
0.018962
0.004040
0.017583
0.004112
0.008626
0.003407
0.004936
0.003379
0.006406
0.009024
