1.424823
0.978639
0.854909
0.735027
0.527601
0.400202
0.319428
0.279416
0.260562
0.179882
0.147748
0.148662
0.118670
0.214665
0.214777
0.182309
0.131568
0.077708
0.096015
0.144958
0.097554
0.145021
0.088498
0.060923
0.101530
0.121357
0.060255
0.131653
0.097864
0.095014
0.090180
0.043981
0.101223
0.060611
0.049958
0.136398
0.044949
0.072124
0.109837
0.056271
0.041430
0.039428
0.112862
0.036835
0.055479
0.040097
0.033289
0.080224
0.030076
0.032658
0.035078
0.029619
0.059631
0.026041
0.039812
0.114629
0.081834
0.032005
0.063730
0.088716
0.038463
0.033148
0.026135
0.063319
0.027583
0.025192
0.066905
0.036753
0.059884
0.033712
0.033116
0.028238
0.024462
0.035109
0.048478
0.092511
0.027789
0.026995
0.052277
0.023118
0.039266
0.022960
0.072163
0.027615
0.061387
0.028192
0.023262
0.027430
0.022398
0.021481
0.022613
0.023720
0.049980
0.022007
0.064756
0.020346
0.028162
0.045605
0.039591
0.046001
0.028469
0.065880
0.064139
0.041017
0.027232
0.022448
0.043874
0.057271
0.020124
0.026581
0.022196
0.062487
0.024983
0.077712
0.084211
0.027696
0.037784
0.021617
0.020812
0.024578
0.021505
0.031609
0.094308
0.020317
0.022723
0.021673
0.143132
0.108075
0.034103
0.071459
0.038609
0.077996
0.053752
0.029960
0.054935
0.043682
0.107781
0.048751
0.030657
0.112483
0.047705
0.068087
0.044349
0.024087
0.027478
0.026333
0.024441
0.020582
0.103049
0.028579
0.021094
0.058946
0.033160
0.060701
0.027369
0.024963
0.024049
0.021318
0.064274
0.017910
0.020718
0.024055
0.029623
0.034472
0.032168
0.059706
0.019129
0.078367
0.024160
0.047488
0.024521
0.026450
0.040778
0.019044
0.037687
0.020596
0.019998
0.071137
0.026325
0.018268
0.038305
0.022686
0.019890
0.024134
0.027476
0.020498
0.016490
0.058285
0.017424
0.049859
0.022946
0.107789
0.022869
0.017398
0.021225
0.036519
0.052998
0.015562
0.021936
0.028982
0.022014
0.020634
0.044825
0.017394
0.024186
0.021883
0.021132
0.021624
0.047012
0.026279
0.025641
0.017551
0.059492
0.043736
0.015297
0.029665
0.015490
0.017071
0.041130
0.053181
0.017482
0.016783
0.054980
0.015022
0.018868
0.022450
0.053003
0.029342
0.017564
0.014980
0.023485
0.016552
0.020266
0.016651
0.014534
0.019921
0.017424
0.015427
0.037412
0.015291
0.017092
0.048618
0.016549
0.042534
0.038770
0.031671
0.015659
0.028192
0.021407
0.015594
0.015346
0.018998
0.018746
0.014331
0.026468
0.015010
0.054571
0.013170
0.017255
0.021940
0.026860
0.043585
0.019688
0.016278
0.018448
0.022898
0.017485
0.017169
0.014791
0.016629
0.016075
0.015758
0.015636
0.019243
0.014227
0.014355
0.051063
0.018157
0.014916
0.020061
0.038940
0.020766
0.019925
0.039577
0.021093
0.016997
0.036648
0.013078
0.015176
0.016415
0.017804
0.013899
0.031419
0.013235
0.017200
0.031276
0.034069
0.047420
0.016911
0.028541
0.016641
0.016024
0.018600
0.017168
0.013497
0.027929
0.017949
0.037233
0.015996
0.017441
0.015056
0.015983
0.013631
0.020527
0.023270
0.056865
0.037275
0.017662
0.025682
0.016510
0.028799
0.015698
0.022890
0.025771
0.015345
0.019383
0.013373
0.015444
0.020952
0.014159
0.019621
0.014879
0.014977
0.041238
0.018637
0.013634
0.020392
0.023047
0.029869
0.015122
0.028631
0.033157
0.012995
0.014503
0.039200
0.013365
0.013874
0.017533
0.014791
0.017183
0.013278
0.033582
0.012679
0.014225
0.012459
0.028988
0.023451
0.014654
0.014208
0.014029
0.015487
0.023350
0.014865
0.014289
0.012784
0.013186
0.031834
0.016866
0.012385
0.012097
0.013005
0.020275
0.011515
0.021498
0.014185
0.018260
0.017281
0.011882
0.021408
0.017678
0.015185
0.012578
0.012373
0.011560
0.032507
0.011750
0.014098
0.014116
0.011254
0.016278
0.016742
0.015652
0.011631
0.044766
0.031683
0.013448
0.011147
0.023906
0.014555
0.015139
0.013272
0.013296
0.039339
0.015747
0.012791
0.013945
0.015506
0.017085
0.016741
0.020471
0.012099
0.013057
0.041588
0.013184
0.014917
0.116794
0.012690
0.014685
0.039446
0.014247
0.044311
0.020134
0.012510
0.065269
0.012431
0.015022
0.014893
0.015681
0.012177
0.012651
0.011990
0.012990
0.013512
0.011959
0.012042
0.012270
0.016838
0.013019
0.010731
0.056997
0.055087
0.019590
0.017080
0.017352
0.014119
0.013174
0.019208
0.025362
0.023536
0.021033
0.019119
0.012713
0.011932
0.013593
0.013690
0.029477
0.028993
0.013731
0.013761
0.011358
0.012737
0.034619
0.011101
0.030130
0.011526
0.013824
0.021609
0.022630
0.011689
0.016871
0.028637
0.019350
0.012724
0.013960
0.013790
0.023440
0.012076
0.025257
0.011682
0.118220
0.013466
0.025826
0.024636
0.042002
0.028866
0.018302
0.033550
0.011607
0.022715
0.012294
0.013021
0.032282
0.017673
0.029329
0.015027
0.012190
0.019083
0.012898
0.011567
0.016663
0.012693
0.024403
0.012656
0.034248
0.013601
0.028917
0.026955
0.013885
0.011848
0.010409
0.012187
0.010733
0.019622
0.012959
0.021390
0.022434
0.014951
0.010945
0.015147
0.034244
0.012221
0.018558
0.012109
0.037265
0.013875
0.011850
0.012903
0.014563
0.021693
0.013907
0.029946
0.011645
0.013943
0.012729
0.012334
0.011895
0.012619
0.011520
0.013196
0.011750
0.010804
0.011151
0.011795
0.013259
0.016280
0.012755
0.016774
0.011848
0.011731
0.016521
0.012193
0.026766
0.013711
0.012721
0.018527
0.011020
0.016306
0.015365
0.016112
0.012838
0.013297
0.013313
0.010414
0.030504
0.024126
0.012912
0.012996
0.012110
0.011326
0.013865
0.011036
0.013321
0.013392
0.012021
0.014213
0.023824
0.012593
0.011008
0.013649
0.013563
0.014661
0.014958
0.024644
0.011182
0.014691
0.016894
0.014944
0.010711
0.018420
0.013281
0.013277
0.012760
0.023586
0.012209
0.012266
0.011032
0.013096
0.011248
0.015032
0.010632
0.011869
0.014507
0.016689
0.010249
0.014519
0.012419
0.012260
0.010591
0.026113
0.012622
0.014248
0.020716
0.011786
0.014912
0.010598
0.010920
0.039308
0.011442
0.013036
0.013097
0.010427
0.011893
0.010972
0.010323
0.019079
0.010311
0.011743
0.012870
0.014651
0.016813
0.012290
0.011295
0.012579
0.014709
0.013923
0.013062
0.010538
0.046469
0.011315
0.010650
