1.129131
0.864029
0.597578
0.897416
0.353468
0.274578
0.207944
0.155931
0.105140
0.137216
0.101772
0.083874
0.086173
0.093551
0.094797
0.080431
0.066257
0.062742
0.053587
0.060172
0.052573
0.041356
0.039847
0.035305
0.033861
0.038247
0.039231
0.035726
0.027403
0.026592
0.024719
0.025337
0.024777
0.026275
0.029790
0.021014
0.032351
0.040075
0.020444
0.019944
0.018737
0.024555
0.019242
0.017802
0.023352
0.024596
0.027493
0.019988
0.150817
0.032705
0.016255
0.017103
0.018807
0.027994
0.065815
0.018966
0.017828
0.016864
0.015174
0.015844
0.025260
0.017022
0.018248
0.013273
0.022146
0.013340
0.045884
0.025152
0.019032
0.012042
0.016427
0.012589
0.012781
0.018989
0.012819
0.013954
0.186073
0.012842
0.019505
0.049017
0.025355
0.020494
0.015863
0.015050
0.018933
0.013241
0.012283
0.013059
0.012461
0.022103
0.014168
0.013423
0.015205
0.011366
0.030716
0.018668
0.039470
0.014005
0.017956
0.020928
0.011516
0.275397
0.012914
0.019378
0.020351
0.014736
0.019876
0.015981
0.013215
0.021608
0.021889
0.014707
0.011453
0.019040
0.012916
0.087010
0.017734
0.013760
0.016530
0.016525
0.012381
0.010155
0.023692
0.012634
0.013474
0.020963
0.017325
0.017464
0.010496
0.105455
0.010091
0.022603
0.016116
0.010288
0.009740
0.011815
0.011097
0.009273
0.012913
0.088674
0.010844
0.144722
0.027180
0.017030
0.015974
0.012267
0.010584
0.010633
0.009887
0.010691
0.011455
0.015846
0.018208
0.011455
0.015727
0.009735
0.049647
0.008761
0.009845
0.014094
0.018861
0.009498
0.016732
0.029846
0.008504
0.011405
0.013983
0.009327
0.073180
0.011531
0.014327
0.012766
0.012386
0.335324
0.013531
0.010992
0.011429
0.063268
0.015963
0.011410
0.016291
0.008817
0.010198
0.009737
0.181851
0.020927
0.016273
0.008264
0.010532
0.011394
0.016020
0.016761
0.009851
0.020001
0.010897
0.009016
0.014078
0.009126
0.010262
0.010130
0.023540
0.017303
0.015626
0.069683
0.015859
0.024850
0.118389
0.009714
0.008887
0.061182
0.008694
0.011723
0.009229
0.012161
0.021614
0.011523
0.047169
0.012822
0.013264
0.013281
0.014391
0.013561
0.012922
0.013058
0.010384
0.054518
0.010887
0.013222
0.013080
0.008391
0.039567
0.010276
0.008528
0.009903
0.013092
0.009243
0.009293
0.009991
0.019215
0.010147
0.012698
0.016108
0.008176
0.010282
0.010296
0.014074
0.009194
0.007071
0.012134
0.008174
0.007805
0.009725
0.010995
0.013280
0.011856
0.015416
0.007312
0.017148
0.010898
0.008105
0.007664
0.028300
0.007283
0.007092
0.007848
0.007141
0.008227
0.022483
0.007448
0.009017
0.009297
0.007068
0.010900
0.007294
0.009126
0.015379
0.006923
0.024164
0.007128
0.013952
0.008122
0.007372
0.006645
0.007458
0.007184
0.009613
0.013607
0.009311
0.008352
0.008832
0.038140
0.028894
0.017247
0.007690
0.011691
0.007337
0.006886
0.023759
0.010414
0.006265
0.007087
0.006791
0.006490
0.008668
0.010004
0.051326
0.008846
0.007315
0.006965
0.008842
0.010622
0.009147
0.016592
0.012575
0.010441
0.010322
0.007280
0.141810
0.010085
0.007028
0.018704
0.006311
0.009140
0.007900
0.007356
0.016555
0.007097
0.010936
0.007383
0.006660
0.010616
0.006354
0.006743
0.007140
0.006516
0.010629
0.006792
0.062844
0.007980
0.013133
0.013366
0.021373
0.020407
0.008342
0.009096
0.007909
0.008440
0.011449
0.006926
0.085444
0.007949
0.019845
0.014639
0.051611
0.012885
0.012239
0.011508
0.008729
0.013732
0.006466
0.006936
0.009143
0.007250
0.008396
0.009851
0.008608
0.007517
0.009519
0.012366
0.017843
0.041168
0.007156
0.009359
0.009761
0.015146
0.014694
0.009838
0.026717
0.011917
0.007939
0.007402
0.006731
0.007152
0.006400
0.006041
0.007757
0.008091
0.006104
0.006271
0.007498
0.005695
0.006606
0.035855
0.008660
0.008502
0.007235
0.008264
0.006799
0.006082
0.012258
0.007171
0.005692
0.021401
0.006665
0.007151
0.006701
0.006206
0.011081
0.007017
0.008232
0.017042
0.005387
0.006903
0.006755
0.007127
0.006739
0.013452
0.006778
0.006272
0.005700
0.007359
0.017915
0.016233
0.005489
0.005909
0.009959
0.010044
0.008075
0.006910
0.029892
0.081208
0.006733
0.006388
0.008842
0.006626
0.007184
0.006414
0.005470
0.005953
0.006408
0.006374
0.005407
0.008556
0.006477
0.009601
0.012039
0.006931
0.022675
0.005634
0.008085
0.007474
0.006602
0.005113
0.007706
0.005765
0.007005
0.014615
0.008769
0.009719
0.008535
0.048273
0.005672
0.005060
0.006036
0.007906
0.012635
0.005789
0.005590
0.011547
0.187558
0.007769
0.009201
0.006813
0.012231
0.013037
0.008196
0.008166
0.007875
0.005844
0.009494
0.005475
0.005655
0.007589
0.009721
0.006091
0.014092
0.007442
0.006958
0.006220
0.006629
0.005248
0.013448
0.008031
0.006623
0.007901
0.008578
0.004969
0.012077
0.006314
0.007454
0.004752
0.052267
0.004886
0.005530
0.005335
0.011234
0.010607
0.006360
0.005984
0.005951
0.007707
0.007928
0.005625
0.007462
0.006752
0.006122
0.013582
0.006921
0.043846
0.007767
0.005622
0.012517
0.005972
0.010818
0.010261
0.006114
0.007259
0.007744
0.005244
0.004739
0.020909
0.006810
0.007568
0.010336
0.005011
0.005195
0.009478
0.028748
0.006066
0.004969
0.006663
0.010299
0.005242
0.005266
0.007775
0.006071
0.007418
0.005585
0.005103
0.014247
0.004595
0.007535
0.006672
0.007537
0.004925
0.006077
0.017973
0.005020
0.005776
0.006768
0.005887
0.011096
0.006246
0.015111
0.006607
0.006414
0.005470
0.004895
0.004956
0.005974
0.008150
0.006113
0.005109
0.014744
0.005897
0.007479
0.017720
0.008053
0.004611
0.043377
0.007852
0.010267
0.005594
0.007117
0.007929
0.005836
0.006258
0.035631
0.006148
0.014904
0.006616
0.008765
0.007463
0.007323
0.026154
0.006351
0.005296
0.005620
0.006220
0.004944
0.005258
0.005662
0.005185
0.014953
0.004563
0.005266
0.005124
0.004993
0.005087
0.008719
0.006684
0.009333
0.006019
0.017742
0.008015
0.004598
0.005111
0.031008
0.007434
0.004746
0.005696
0.004576
0.009059
0.006395
0.005413
0.006221
0.004546
0.005226
0.004124
0.016312
0.005115
0.004886
0.005764
0.004474
0.007508
0.005503
0.016570
0.006351
0.006315
0.004172
0.005558
0.149820
0.004663
0.008817
0.006130
0.011394
0.005955
0.005279
0.005819
0.004967
0.009739
0.004395
0.007999
0.004400
0.008278
0.005183
0.004409
0.005580
0.005054
0.005213
0.024270
0.004416
0.006097
0.005334
0.005328
0.004536
0.007491
0.010403
0.005487
0.004299
0.005134
0.004132
0.005463
0.005305
0.005432
0.048891
0.004333
0.004765
0.012333
0.005397
0.004599
0.004793
0.008699
0.004791
0.004672
0.004304
0.005113
0.008331
0.008748
0.005083
0.005275
0.004902
0.013439
0.006463
0.004894
0.061021
0.005068
0.004317
0.043829
0.016965
0.023953
0.005828
0.006242
0.006000
0.005233
0.005622
0.008291
0.005920
0.005445
0.006212
0.005427
0.005823
0.005030
0.004347
0.053181
0.115451
0.004475
0.005778
0.010960
0.004323
0.007214
0.004238
0.005291
0.004776
0.004554
0.020923
0.006551
0.006017
0.005445
0.005374
0.005700
0.004264
0.006766
0.005855
0.010227
0.004574
0.005332
0.004438
0.004149
0.005355
0.006161
0.005148
0.006844
0.004030
0.005819
0.012868
0.008685
0.014137
0.030439
0.006252
0.004711
0.005717
0.059391
0.004920
0.008883
0.005775
0.004302
0.004691
0.006932
0.004509
0.013611
0.006528
0.006838
0.015020
0.007618
0.004272
0.004343
0.004083
0.004572
0.007688
0.005017
0.009089
0.005052
0.004583
0.006294
0.017543
0.018361
0.005743
0.013845
0.004235
0.004375
0.004455
0.004389
0.005338
0.004112
0.004989
0.004155
0.014155
0.004037
0.005070
0.005271
0.004555
0.004822
0.010150
0.011390
0.003854
0.006795
0.013037
0.006804
0.016106
0.005267
0.005516
0.004931
0.004015
0.031412
0.007204
0.005592
0.015218
0.018311
0.004736
0.005670
0.006243
0.004617
0.005118
0.003677
0.012797
0.004744
0.006674
0.011162
0.006711
0.004666
0.003787
0.006987
0.005041
0.014962
0.004830
0.015442
0.004992
0.006894
0.005374
0.033056
0.004611
0.004616
0.104928
0.005212
0.004546
0.005478
0.004005
0.004192
0.021514
0.009482
0.005009
0.004378
0.004768
0.004098
0.004791
0.017656
0.005134
0.005689
0.005916
0.005292
0.005261
0.003909
0.004868
0.004655
0.004942
0.004117
0.005217
0.005157
0.016890
0.003877
0.005166
0.006360
0.005367
0.005469
0.004558
0.020087
0.004676
0.004070
0.005216
0.004647
0.020492
0.004044
0.005052
0.003778
0.004325
0.003990
0.006592
0.005897
0.013801
0.004077
0.004721
0.008042
0.005549
0.008310
0.006476
0.010074
0.003773
0.004871
0.004475
0.004107
0.004119
0.009824
0.011874
0.003890
0.003923
0.004491
0.003990
0.005101
0.005146
0.004286
0.004694
0.048919
0.004519
0.004977
0.020205
0.017531
0.004784
0.004671
0.009901
0.004102
0.008890
0.027475
0.004411
0.004737
0.010171
0.007699
0.004297
0.006766
0.005112
0.004412
0.004318
0.003761
0.003803
0.003944
0.004734
0.003961
0.005595
0.003678
0.005493
0.003846
0.003637
0.003955
0.005404
0.004198
0.004705
0.003896
0.004918
0.003747
0.004922
0.052413
0.004885
0.004039
0.024286
0.003903
0.004629
0.004889
0.003712
0.004280
0.004956
0.038491
0.006274
0.005133
0.004010
0.003809
0.007723
0.009767
0.004136
0.003797
0.003902
0.004518
0.004004
0.005019
0.004694
0.003627
0.005124
0.003681
0.003777
0.004455
0.004350
0.007706
0.005355
0.007874
0.008412
0.004607
0.004538
0.004496
0.003613
0.003670
0.004446
0.004670
0.009228
0.004531
0.004664
0.003932
0.010482
0.004546
0.003846
0.005281
0.005208
0.005231
0.004913
0.006619
0.004556
0.009558
0.004473
0.006054
0.004341
0.004283
0.003923
